ПР "ЭГН-1001 Насос"	1	1	1	-1	1	0.00	0.00	1	Р	20
0	2	2	2	1	1	0.00	0.00	1	Ф	20
Цех0-0_CMPX@0002	3	3	3	1	1	0.00	0.00	1	т	20
Цех0-0_CMPX@0002	4	4	4	1	1	0.00	0.00	1	k	20
0	5	5	5	4	1	0.00	0.00	1	Ф	20
ЭГН-1001 Насос	6	6	6	4	1	0.00	0.00	1	п	20
0	7	7	7	6	1	0.00	0.00	1	Ф	20
Цех0-0_ЭГН@1001_Насос	8	8	8	6	1	0.00	0.00	1	т	20
Цех0-0_ЭГН@1001_Насос	9	9	9	6	1	0.00	0.00	1	k	20
0	10	10	10	9	1	0.00	0.00	1	Ф	20
Насос А	11	11	11	9	1	0.00	0.00	1	С	20
0	12	12	12	11	1	0.00	0.00	1	Ф	20
Цех1011-0_ННН11@3@887@00@000	13	13	13	11	1	0.00	0.00	1	k	20
Цех111-1_ННН11@3@887@00@000	14	14	14	11	3	18.00	0.00	1	т	20
Цех750-1_ННН11@3@887@00@000	15	15	15	11	1	0.50	0.00	1	т	20
Цех111-2_ННН11@3@887@00@000	16	16	16	11	5	24.00	0.00	1	т	20
Цех111-3_ННН11@3@887@00@000	17	17	17	11	6	24.00	0.00	1	т	20
Цех888-0_ННН11@3@887@00@000	18	18	18	11	47	0.05	0.00	1	т	20
Цех750-2_ННН11@3@887@00@000	19	19	19	11	2	1.20	0.00	1	т	20
Цех1011-1_ННН11@3@887@00@000	20	20	20	11	9	60.02	0.00	1	т	20
0	21	21	21	13	1	0.00	0.00	1	Ф	20
Крышка нижняя	22	22	22	13	1	0.00	0.00	1	С	20
Колесо рабочее 1 ст.	23	23	23	13	1	0.00	0.00	1	С	20
Аппарат напр. 1 ст.	24	24	24	13	1	0.00	0.00	1	С	20
Колесо рабочее 2 ст.	25	25	25	13	1	0.00	0.00	1	С	20
Отвод	26	26	26	13	1	0.00	0.00	1	С	20
Подшипник нижний	27	27	27	13	1	0.00	0.00	1	С	20
Подшипник верхний	28	28	28	13	1	0.00	0.00	1	С	20
Пята	29	29	29	13	1	0.00	0.00	1	С	20
Крышка верхняя	30	30	30	13	1	0.00	0.00	1	С	20
Статор	31	31	31	13	1	0.00	0.00	1	С	20
Ротор	32	32	32	13	1	0.00	0.00	1	С	20
Шпилька	33	33	33	13	1	0.00	0.00	1	Д	20
Шпилька	34	34	34	13	1	0.00	0.00	1	Д	20
Гайка	35	35	35	13	1	0.00	0.00	1	Д	20
Гайка	36	36	36	13	1	0.00	0.00	1	Д	20
Гайка	37	37	37	13	1	0.00	0.00	1	Д	20
Гайка	38	38	38	13	1	0.00	0.00	1	Д	20
Шайба стопорная	39	39	39	13	1	0.00	0.00	1	Д	20
Шайба стопорная	40	40	40	13	1	0.00	0.00	1	Д	20
Шайба стопорная	41	41	41	13	1	0.00	0.00	1	Д	20
Заглушка	42	42	42	13	1	0.00	0.00	1	Д	20
Прокладка	43	43	43	13	1	0.00	0.00	1	Д	20
Обтекатель	44	44	44	13	1	0.00	0.00	1	Д	20
Шпонка	45	45	45	13	1	0.00	0.00	1	Д	20
Шпонка	46	46	46	13	1	0.00	0.00	1	Д	20
Втулка	47	47	47	13	1	0.00	0.00	1	Д	20
Винт	48	48	48	13	1	0.00	0.00	1	Д	20
Втулка	49	49	49	13	1	0.00	0.00	1	Д	20
Шайба	50	50	50	13	1	0.00	0.00	1	Д	20
Болт	51	51	51	13	1	0.00	0.00	1	Д	20
Шайба стопорная	52	52	52	13	1	0.00	0.00	1	Д	20
Заглушка	53	53	53	13	1	0.00	0.00	1	Д	20
Прокладка	54	54	54	13	1	0.00	0.00	1	Д	20
Болт	55	55	55	13	1	0.00	0.00	1	Д	20
Шпилька	56	56	56	13	1	0.00	0.00	1	Д	20
Винт балансировочн.	57	57	57	13	1	0.00	0.00	1	Д	20
Пробка	58	58	58	13	1	0.00	0.00	1	Д	20
Прокладка	59	59	59	13	1	0.00	0.00	1	Д	20
Шайба защитная	60	60	60	13	1	0.00	0.00	1	Д	20
Лепесток	61	61	61	13	1	0.00	0.00	1	Д	20
Шайба защитная	62	62	62	13	1	0.00	0.00	1	Д	20
Табличка	63	63	63	13	1	0.00	0.00	1	Д	20
Стрелка	64	64	64	13	1	0.00	0.00	1	Д	20
Винт балансиров.	65	65	65	13	1	0.00	0.00	1	Д	20
Винт балансиров.	66	66	66	13	1	0.00	0.00	1	Д	20
Гайка	67	67	67	13	1	0.00	0.00	1	Д	20
Болт М5-6gх8.56.029	68	68	68	13	1	0.00	0.00	1	Г	20
Болт 3М8-8gх16.56.029	69	69	69	13	1	0.00	0.00	1	Г	20
Гайка М6-6Н.32.Л63.Нсил.9.Х	70	70	70	13	1	0.00	0.00	1	Г	20
Заклепка 2,5х6.32	71	71	71	13	1	0.00	0.00	1	Г	20
Кольцо 2-161,5-3,3	72	72	72	13	1	0.00	0.00	1	Г	20
Кольцо 2-180,0-3,3	73	73	73	13	1	0.00	0.00	1	Г	20
Кольцо 2-190,0-3,3	74	74	74	13	1	0.00	0.00	1	Г	20
Пломба 1-6-10-АМцМ10	75	75	75	13	1	0.00	0.00	1	y	20
Шайба 8.65Г.029	76	76	76	13	1	0.00	0.00	1	Г	20
Датчик положения ротора	77	77	77	13	1	0.00	0.00	1	Г	20
Проволока	78	78	78	13	1	0.00	0.00	1	m	20
К-кт запасных частей	79	79	79	13	1	0.00	0.00	1	С	20
К-кт ин-та и принадлежн.	80	80	80	13	1	0.00	0.00	1	С	20
Изд. ГЭН-272 в упаковке	81	81	81	13	1	0.00	0.00	1	С	20
Сварочная проволока	82	82	82	13	1	0.00	0.00	1	m	20
Сварочная проволока	83	83	83	13	1	0.00	0.00	1	m	20
Сварочная проволока	84	84	84	13	1	0.00	0.00	1	m	20
Сварочная проволока	85	85	85	13	1	0.00	0.00	1	m	20
Вольфрамовый пруток	86	86	86	13	1	0.00	0.00	1	m	20
Припой ПОС-61	87	87	87	13	1	0.00	0.00	1	m	20
Флюс ФКСп	88	88	88	13	1	0.00	0.00	1	m	20
Электроды типа Э-46	89	89	89	13	1	0.00	0.00	1	m	20
Лак   КО - 916К	90	90	90	13	1	0.00	0.00	1	m	20
Герметик анаэробный	91	91	91	13	1	0.00	0.00	1	m	20
Смазка ВНИИНП-279	92	92	92	13	1	0.00	0.00	1	m	20
Смазка графитовая	93	93	93	13	1	0.00	0.00	1	m	20
Грунтовка   ВЛ-02	94	94	94	13	1	0.00	0.00	1	m	20
Эмаль ПФ - 218ГС	95	95	95	13	1	0.00	0.00	1	m	20
Эмаль   ХВ-16	96	96	96	13	1	0.00	0.00	1	m	20
Эмаль  КО - 935	97	97	97	13	1	0.00	0.00	1	m	20
Растворитель Р4, Р5	98	98	98	13	1	0.00	0.00	1	m	20
Уайт-спирит	99	99	99	13	1	0.00	0.00	1	m	20
Ацетон или бензин Б-70	100	100	100	13	1	0.00	0.00	1	m	20
Бязь х / б	101	101	101	13	1	0.00	0.00	1	m	20
Аргон	102	102	102	13	1	0.00	0.00	1	m	20
Гелий	103	103	103	13	1	0.00	0.00	1	m	20
Спецтехнос	104	104	104	13	1	0.00	0.00	1	m	20
0	105	105	105	22	1	0.00	0.00	1	Ф	20
Цех1011-0_ННН11@3@887@00@010	106	106	106	22	1	0.00	0.00	1	k	20
Цех111-1_ННН11@3@887@00@010	107	107	107	22	3	18.00	0.00	1	т	20
Цех750-1_ННН11@3@887@00@010	108	108	108	22	1	0.50	0.00	1	т	20
Цех111-2_ННН11@3@887@00@010	109	109	109	22	5	24.00	0.00	1	т	20
Цех888-0_ННН11@3@887@00@010	110	110	110	22	47	0.05	0.00	1	т	20
Цех750-2_ННН11@3@887@00@010	111	111	111	22	2	1.20	0.00	1	т	20
Цех1011-1_ННН11@3@887@00@010	112	112	112	22	4	20.42	0.00	1	т	20
0	113	113	113	23	1	0.00	0.00	1	Ф	20
Цех1011-0_ННН11@3@887@00@020	114	114	114	23	1	0.00	0.00	1	k	20
Цех111-1_ННН11@3@887@00@020	115	115	115	23	3	18.00	0.00	1	т	20
Цех750-1_ННН11@3@887@00@020	116	116	116	23	1	0.50	0.00	1	т	20
Цех111-2_ННН11@3@887@00@020	117	117	117	23	5	24.00	0.00	1	т	20
Цех111-3_ННН11@3@887@00@020	118	118	118	23	3	24.00	0.00	1	т	20
Цех888-0_ННН11@3@887@00@020	119	119	119	23	47	0.05	0.00	1	т	20
Цех750-2_ННН11@3@887@00@020	120	120	120	23	2	1.20	0.00	1	т	20
Цех1011-1_ННН11@3@887@00@020	121	121	121	23	9	60.02	0.00	1	т	20
0	122	122	122	24	1	0.00	0.00	1	Ф	20
Цех1011-0_ННН11@3@887@00@030	123	123	123	24	1	0.00	0.00	1	k	20
Цех111-1_ННН11@3@887@00@030	124	124	124	24	3	18.00	0.00	1	т	20
Цех750-1_ННН11@3@887@00@030	125	125	125	24	1	0.50	0.00	1	т	20
Цех111-2_ННН11@3@887@00@030	126	126	126	24	5	24.00	0.00	1	т	20
Цех111-3_ННН11@3@887@00@030	127	127	127	24	3	24.00	0.00	1	т	20
Цех888-0_ННН11@3@887@00@030	128	128	128	24	47	0.05	0.00	1	т	20
Цех750-2_ННН11@3@887@00@030	129	129	129	24	2	1.20	0.00	1	т	20
Цех1011-1_ННН11@3@887@00@030	130	130	130	24	4	21.52	0.00	1	т	20
0	131	131	131	25	1	0.00	0.00	1	Ф	20
Цех1011-0_ННН11@3@887@00@050	132	132	132	25	1	0.00	0.00	1	k	20
Цех111-1_ННН11@3@887@00@050	133	133	133	25	3	18.00	0.00	1	т	20
Цех750-1_ННН11@3@887@00@050	134	134	134	25	1	0.50	0.00	1	т	20
Цех111-2_ННН11@3@887@00@050	135	135	135	25	5	24.00	0.00	1	т	20
Цех111-3_ННН11@3@887@00@050	136	136	136	25	3	24.00	0.00	1	т	20
Цех888-0_ННН11@3@887@00@050	137	137	137	25	47	0.05	0.00	1	т	20
Цех750-2_ННН11@3@887@00@050	138	138	138	25	2	1.20	0.00	1	т	20
Цех1011-1_ННН11@3@887@00@050	139	139	139	25	9	60.02	0.00	1	т	20
0	140	140	140	26	1	0.00	0.00	1	Ф	20
Цех1011-0_ННН11@3@887@00@060	141	141	141	26	1	0.00	0.00	1	k	20
Цех111-1_ННН11@3@887@00@060	142	142	142	26	3	18.00	0.00	1	т	20
Цех750-1_ННН11@3@887@00@060	143	143	143	26	1	0.50	0.00	1	т	20
Цех111-2_ННН11@3@887@00@060	144	144	144	26	5	24.00	0.00	1	т	20
Цех888-0_ННН11@3@887@00@060	145	145	145	26	47	0.05	0.00	1	т	20
Цех750-2_ННН11@3@887@00@060	146	146	146	26	2	1.20	0.00	1	т	20
Цех1011-1_ННН11@3@887@00@060	147	147	147	26	9	60.02	0.00	1	т	20
0	148	148	148	27	1	0.00	0.00	1	Ф	20
Цех1011-0_ННН11@3@887@00@070	149	149	149	27	1	0.00	0.00	1	k	20
Цех111-1_ННН11@3@887@00@070	150	150	150	27	3	18.00	0.00	1	т	20
Цех750-1_ННН11@3@887@00@070	151	151	151	27	1	0.50	0.00	1	т	20
Цех111-2_ННН11@3@887@00@070	152	152	152	27	5	24.00	0.00	1	т	20
Цех888-0_ННН11@3@887@00@070	153	153	153	27	47	0.05	0.00	1	т	20
Цех750-2_ННН11@3@887@00@070	154	154	154	27	2	1.20	0.00	1	т	20
Цех1011-1_ННН11@3@887@00@070	155	155	155	27	4	20.42	0.00	1	т	20
0	156	156	156	28	1	0.00	0.00	1	Ф	20
Цех1011-0_ННН11@3@887@00@080	157	157	157	28	1	0.00	0.00	1	k	20
Цех111-1_ННН11@3@887@00@080	158	158	158	28	3	18.00	0.00	1	т	20
Цех750-1_ННН11@3@887@00@080	159	159	159	28	1	0.50	0.00	1	т	20
Цех111-2_ННН11@3@887@00@080	160	160	160	28	5	24.00	0.00	1	т	20
Цех888-0_ННН11@3@887@00@080	161	161	161	28	47	0.05	0.00	1	т	20
Цех750-2_ННН11@3@887@00@080	162	162	162	28	2	1.20	0.00	1	т	20
Цех1011-1_ННН11@3@887@00@080	163	163	163	28	2	5.60	0.00	1	т	20
0	164	164	164	29	1	0.00	0.00	1	Ф	20
Цех1011-0_ННН11@3@887@00@090	165	165	165	29	1	0.00	0.00	1	k	20
Цех111-1_ННН11@3@887@00@090	166	166	166	29	3	18.00	0.00	1	т	20
Цех750-1_ННН11@3@887@00@090	167	167	167	29	1	0.50	0.00	1	т	20
Цех111-2_ННН11@3@887@00@090	168	168	168	29	5	24.00	0.00	1	т	20
Цех888-0_ННН11@3@887@00@090	169	169	169	29	47	0.05	0.00	1	т	20
Цех750-2_ННН11@3@887@00@090	170	170	170	29	2	1.20	0.00	1	т	20
Цех1011-1_ННН11@3@887@00@090	171	171	171	29	9	60.02	0.00	1	т	20
0	172	172	172	30	1	0.00	0.00	1	Ф	20
Цех1011-0_ННН11@3@887@00@110	173	173	173	30	1	0.00	0.00	1	k	20
Цех111-1_ННН11@3@887@00@110	174	174	174	30	3	18.00	0.00	1	т	20
Цех750-1_ННН11@3@887@00@110	175	175	175	30	1	0.50	0.00	1	т	20
Цех111-2_ННН11@3@887@00@110	176	176	176	30	5	24.00	0.00	1	т	20
Цех888-0_ННН11@3@887@00@110	177	177	177	30	47	0.05	0.00	1	т	20
Цех750-2_ННН11@3@887@00@110	178	178	178	30	2	1.20	0.00	1	т	20
Цех1011-1_ННН11@3@887@00@110	179	179	179	30	4	21.52	0.00	1	т	20
0	180	180	180	31	1	0.00	0.00	1	Ф	20
Цех1011-0_ННН11@3@887@01@000	181	181	181	31	1	0.00	0.00	1	k	20
Цех111-1_ННН11@3@887@01@000	182	182	182	31	3	18.00	0.00	1	т	20
Цех750-1_ННН11@3@887@01@000	183	183	183	31	1	0.50	0.00	1	т	20
Цех111-2_ННН11@3@887@01@000	184	184	184	31	5	24.00	0.00	1	т	20
Цех888-0_ННН11@3@887@01@000	185	185	185	31	47	0.05	0.00	1	т	20
Цех750-2_ННН11@3@887@01@000	186	186	186	31	2	1.20	0.00	1	т	20
Цех1011-1_ННН11@3@887@01@000	187	187	187	31	20	145.22	0.00	1	т	20
0	188	188	188	32	1	0.00	0.00	1	Ф	20
Цех1011-0_ННН11@3@887@02@000	189	189	189	32	1	0.00	0.00	1	k	20
Цех111-1_ННН11@3@887@02@000	190	190	190	32	3	18.00	0.00	1	т	20
Цех750-1_ННН11@3@887@02@000	191	191	191	32	1	0.50	0.00	1	т	20
Цех111-2_ННН11@3@887@02@000	192	192	192	32	5	24.00	0.00	1	т	20
Цех111-3_ННН11@3@887@02@000	193	193	193	32	3	24.00	0.00	1	т	20
Цех888-0_ННН11@3@887@02@000	194	194	194	32	47	0.05	0.00	1	т	20
Цех750-2_ННН11@3@887@02@000	195	195	195	32	2	1.20	0.00	1	т	20
Цех1011-1_ННН11@3@887@02@000	196	196	196	32	9	60.02	0.00	1	т	20
0	197	197	197	33	1	0.00	0.00	1	Ф	20
Цех111-1_ННН11@3@887@00@001	198	198	198	33	3	18.00	0.00	8	т	20
Цех750-1_ННН11@3@887@00@001	199	199	199	33	1	0.50	0.00	8	т	20
Цех111-2_ННН11@3@887@00@001	200	200	200	33	3	8.00	0.00	8	т	20
Цех888-0_ННН11@3@887@00@001	201	201	201	33	17	0.05	0.00	8	т	20
Цех750-2_ННН11@3@887@00@001	202	202	202	33	2	1.20	0.00	8	т	20
Цех1011-1_ННН11@3@887@00@001	203	203	203	33	4	19.20	0.00	8	т	20
0	204	204	204	34	1	0.00	0.00	1	Ф	20
Цех111-1_ННН11@3@887@00@001-01	205	205	205	34	3	18.00	0.00	6	т	20
Цех750-1_ННН11@3@887@00@001-01	206	206	206	34	1	0.50	0.00	6	т	20
Цех111-2_ННН11@3@887@00@001-01	207	207	207	34	3	8.00	0.00	6	т	20
Цех888-0_ННН11@3@887@00@001-01	208	208	208	34	17	0.05	0.00	6	т	20
Цех750-2_ННН11@3@887@00@001-01	209	209	209	34	2	1.20	0.00	6	т	20
Цех1011-1_ННН11@3@887@00@001-01	210	210	210	34	4	19.20	0.00	6	т	20
0	211	211	211	35	1	0.00	0.00	1	Ф	20
Цех111-1_ННН11@3@887@00@002	212	212	212	35	3	18.00	0.00	6	т	20
Цех750-1_ННН11@3@887@00@002	213	213	213	35	1	0.50	0.00	6	т	20
Цех111-2_ННН11@3@887@00@002	214	214	214	35	3	8.00	0.00	6	т	20
Цех888-0_ННН11@3@887@00@002	215	215	215	35	17	0.05	0.00	6	т	20
Цех750-2_ННН11@3@887@00@002	216	216	216	35	2	1.20	0.00	6	т	20
Цех1011-1_ННН11@3@887@00@002	217	217	217	35	4	19.20	0.00	6	т	20
0	218	218	218	36	1	0.00	0.00	1	Ф	20
Цех111-1_ННН11@3@887@00@002-01	219	219	219	36	3	18.00	0.00	12	т	20
Цех750-1_ННН11@3@887@00@002-01	220	220	220	36	1	0.50	0.00	12	т	20
Цех111-2_ННН11@3@887@00@002-01	221	221	221	36	3	8.00	0.00	12	т	20
Цех888-0_ННН11@3@887@00@002-01	222	222	222	36	17	0.05	0.00	12	т	20
Цех750-2_ННН11@3@887@00@002-01	223	223	223	36	2	1.20	0.00	12	т	20
Цех1011-1_ННН11@3@887@00@002-01	224	224	224	36	4	19.20	0.00	12	т	20
0	225	225	225	37	1	0.00	0.00	1	Ф	20
Цех111-1_ННН11@3@887@00@002-02	226	226	226	37	3	18.00	0.00	1	т	20
Цех750-1_ННН11@3@887@00@002-02	227	227	227	37	1	0.50	0.00	1	т	20
Цех111-2_ННН11@3@887@00@002-02	228	228	228	37	3	8.00	0.00	1	т	20
Цех888-0_ННН11@3@887@00@002-02	229	229	229	37	17	0.05	0.00	1	т	20
Цех750-2_ННН11@3@887@00@002-02	230	230	230	37	2	1.20	0.00	1	т	20
Цех1011-1_ННН11@3@887@00@002-02	231	231	231	37	4	19.20	0.00	1	т	20
0	232	232	232	38	1	0.00	0.00	1	Ф	20
Цех111-1_ННН11@3@887@00@002-03	233	233	233	38	3	18.00	0.00	6	т	20
Цех750-1_ННН11@3@887@00@002-03	234	234	234	38	1	0.50	0.00	6	т	20
Цех111-2_ННН11@3@887@00@002-03	235	235	235	38	3	8.00	0.00	6	т	20
Цех888-0_ННН11@3@887@00@002-03	236	236	236	38	17	0.05	0.00	6	т	20
Цех750-2_ННН11@3@887@00@002-03	237	237	237	38	2	1.20	0.00	6	т	20
Цех1011-1_ННН11@3@887@00@002-03	238	238	238	38	4	19.20	0.00	6	т	20
0	239	239	239	39	1	0.00	0.00	1	Ф	20
Цех111-1_ННН11@3@887@00@003	240	240	240	39	3	18.00	0.00	8	т	20
Цех750-1_ННН11@3@887@00@003	241	241	241	39	1	0.50	0.00	8	т	20
Цех111-2_ННН11@3@887@00@003	242	242	242	39	3	8.00	0.00	8	т	20
Цех888-0_ННН11@3@887@00@003	243	243	243	39	17	0.05	0.00	8	т	20
Цех750-2_ННН11@3@887@00@003	244	244	244	39	2	1.20	0.00	8	т	20
Цех1011-1_ННН11@3@887@00@003	245	245	245	39	4	19.20	0.00	8	т	20
0	246	246	246	40	1	0.00	0.00	1	Ф	20
Цех111-1_ННН11@3@887@00@003-01	247	247	247	40	3	18.00	0.00	20	т	20
Цех750-1_ННН11@3@887@00@003-01	248	248	248	40	1	0.50	0.00	20	т	20
Цех111-2_ННН11@3@887@00@003-01	249	249	249	40	3	8.00	0.00	20	т	20
Цех888-0_ННН11@3@887@00@003-01	250	250	250	40	17	0.05	0.00	20	т	20
Цех750-2_ННН11@3@887@00@003-01	251	251	251	40	2	1.20	0.00	20	т	20
Цех1011-1_ННН11@3@887@00@003-01	252	252	252	40	4	19.20	0.00	20	т	20
0	253	253	253	41	1	0.00	0.00	1	Ф	20
Цех111-1_ННН11@3@887@00@003-02	254	254	254	41	3	18.00	0.00	6	т	20
Цех750-1_ННН11@3@887@00@003-02	255	255	255	41	1	0.50	0.00	6	т	20
Цех111-2_ННН11@3@887@00@003-02	256	256	256	41	3	8.00	0.00	6	т	20
Цех888-0_ННН11@3@887@00@003-02	257	257	257	41	17	0.05	0.00	6	т	20
Цех750-2_ННН11@3@887@00@003-02	258	258	258	41	2	1.20	0.00	6	т	20
Цех1011-1_ННН11@3@887@00@003-02	259	259	259	41	4	19.20	0.00	6	т	20
0	260	260	260	42	1	0.00	0.00	1	Ф	20
Цех111-1_ННН11@3@887@00@004	261	261	261	42	3	18.00	0.00	2	т	20
Цех750-1_ННН11@3@887@00@004	262	262	262	42	1	0.50	0.00	2	т	20
Цех111-2_ННН11@3@887@00@004	263	263	263	42	3	8.00	0.00	2	т	20
Цех888-0_ННН11@3@887@00@004	264	264	264	42	17	0.05	0.00	2	т	20
Цех750-2_ННН11@3@887@00@004	265	265	265	42	2	1.20	0.00	2	т	20
Цех1011-1_ННН11@3@887@00@004	266	266	266	42	4	19.20	0.00	2	т	20
0	267	267	267	43	1	0.00	0.00	1	Ф	20
Цех111-1_ННН11@3@887@00@005	268	268	268	43	3	18.00	0.00	2	т	20
Цех750-1_ННН11@3@887@00@005	269	269	269	43	1	0.50	0.00	2	т	20
Цех111-2_ННН11@3@887@00@005	270	270	270	43	3	8.00	0.00	2	т	20
Цех888-0_ННН11@3@887@00@005	271	271	271	43	17	0.05	0.00	2	т	20
Цех750-2_ННН11@3@887@00@005	272	272	272	43	2	1.20	0.00	2	т	20
Цех1011-1_ННН11@3@887@00@005	273	273	273	43	4	19.20	0.00	2	т	20
0	274	274	274	44	1	0.00	0.00	1	Ф	20
Цех111-1_ННН11@3@887@00@006	275	275	275	44	3	18.00	0.00	1	т	20
Цех750-1_ННН11@3@887@00@006	276	276	276	44	1	0.50	0.00	1	т	20
Цех111-2_ННН11@3@887@00@006	277	277	277	44	3	8.00	0.00	1	т	20
Цех888-0_ННН11@3@887@00@006	278	278	278	44	17	0.05	0.00	1	т	20
Цех750-2_ННН11@3@887@00@006	279	279	279	44	2	1.20	0.00	1	т	20
Цех1011-1_ННН11@3@887@00@006	280	280	280	44	4	19.20	0.00	1	т	20
0	281	281	281	45	1	0.00	0.00	1	Ф	20
Цех111-1_ННН11@3@887@00@007	282	282	282	45	3	18.00	0.00	2	т	20
Цех750-1_ННН11@3@887@00@007	283	283	283	45	1	0.50	0.00	2	т	20
Цех111-2_ННН11@3@887@00@007	284	284	284	45	3	8.00	0.00	2	т	20
Цех888-0_ННН11@3@887@00@007	285	285	285	45	17	0.05	0.00	2	т	20
Цех750-2_ННН11@3@887@00@007	286	286	286	45	2	1.20	0.00	2	т	20
Цех1011-1_ННН11@3@887@00@007	287	287	287	45	4	19.20	0.00	2	т	20
0	288	288	288	46	1	0.00	0.00	1	Ф	20
Цех111-1_ННН11@3@887@00@007-01	289	289	289	46	3	18.00	0.00	1	т	20
Цех750-1_ННН11@3@887@00@007-01	290	290	290	46	1	0.50	0.00	1	т	20
Цех111-2_ННН11@3@887@00@007-01	291	291	291	46	3	8.00	0.00	1	т	20
Цех888-0_ННН11@3@887@00@007-01	292	292	292	46	17	0.05	0.00	1	т	20
Цех750-2_ННН11@3@887@00@007-01	293	293	293	46	2	1.20	0.00	1	т	20
Цех1011-1_ННН11@3@887@00@007-01	294	294	294	46	4	19.20	0.00	1	т	20
0	295	295	295	47	1	0.00	0.00	1	Ф	20
Цех111-1_ННН11@3@887@00@008	296	296	296	47	3	18.00	0.00	1	т	20
Цех750-1_ННН11@3@887@00@008	297	297	297	47	1	0.50	0.00	1	т	20
Цех111-2_ННН11@3@887@00@008	298	298	298	47	3	8.00	0.00	1	т	20
Цех888-0_ННН11@3@887@00@008	299	299	299	47	17	0.05	0.00	1	т	20
Цех750-2_ННН11@3@887@00@008	300	300	300	47	2	1.20	0.00	1	т	20
Цех1011-1_ННН11@3@887@00@008	301	301	301	47	4	19.20	0.00	1	т	20
0	302	302	302	48	1	0.00	0.00	1	Ф	20
Цех111-1_ННН11@3@887@00@009	303	303	303	48	3	18.00	0.00	12	т	20
Цех750-1_ННН11@3@887@00@009	304	304	304	48	1	0.50	0.00	12	т	20
Цех111-2_ННН11@3@887@00@009	305	305	305	48	3	8.00	0.00	12	т	20
Цех888-0_ННН11@3@887@00@009	306	306	306	48	17	0.05	0.00	12	т	20
Цех750-2_ННН11@3@887@00@009	307	307	307	48	2	1.20	0.00	12	т	20
Цех1011-1_ННН11@3@887@00@009	308	308	308	48	4	19.20	0.00	12	т	20
0	309	309	309	49	1	0.00	0.00	1	Ф	20
Цех111-1_ННН11@3@887@00@011	310	310	310	49	3	18.00	0.00	4	т	20
Цех750-1_ННН11@3@887@00@011	311	311	311	49	1	0.50	0.00	4	т	20
Цех111-2_ННН11@3@887@00@011	312	312	312	49	3	8.00	0.00	4	т	20
Цех888-0_ННН11@3@887@00@011	313	313	313	49	17	0.05	0.00	4	т	20
Цех750-2_ННН11@3@887@00@011	314	314	314	49	2	1.20	0.00	4	т	20
Цех1011-1_ННН11@3@887@00@011	315	315	315	49	4	20.42	0.00	4	т	20
0	316	316	316	50	1	0.00	0.00	1	Ф	20
Цех111-1_ННН11@3@887@00@012	317	317	317	50	3	18.00	0.00	1	т	20
Цех750-1_ННН11@3@887@00@012	318	318	318	50	1	0.50	0.00	1	т	20
Цех111-2_ННН11@3@887@00@012	319	319	319	50	3	8.00	0.00	1	т	20
Цех888-0_ННН11@3@887@00@012	320	320	320	50	17	0.05	0.00	1	т	20
Цех750-2_ННН11@3@887@00@012	321	321	321	50	2	1.20	0.00	1	т	20
Цех1011-1_ННН11@3@887@00@012	322	322	322	50	4	19.20	0.00	1	т	20
0	323	323	323	51	1	0.00	0.00	1	Ф	20
Цех111-1_ННН11@3@887@00@013	324	324	324	51	3	18.00	0.00	1	т	20
Цех750-1_ННН11@3@887@00@013	325	325	325	51	1	0.50	0.00	1	т	20
Цех111-2_ННН11@3@887@00@013	326	326	326	51	3	8.00	0.00	1	т	20
Цех888-0_ННН11@3@887@00@013	327	327	327	51	17	0.05	0.00	1	т	20
Цех750-2_ННН11@3@887@00@013	328	328	328	51	2	1.20	0.00	1	т	20
Цех1011-1_ННН11@3@887@00@013	329	329	329	51	4	19.20	0.00	1	т	20
0	330	330	330	52	1	0.00	0.00	1	Ф	20
Цех111-1_ННН11@3@887@00@014	331	331	331	52	3	18.00	0.00	1	т	20
Цех750-1_ННН11@3@887@00@014	332	332	332	52	1	0.50	0.00	1	т	20
Цех111-2_ННН11@3@887@00@014	333	333	333	52	3	8.00	0.00	1	т	20
Цех888-0_ННН11@3@887@00@014	334	334	334	52	17	0.05	0.00	1	т	20
Цех750-2_ННН11@3@887@00@014	335	335	335	52	2	1.20	0.00	1	т	20
Цех1011-1_ННН11@3@887@00@014	336	336	336	52	4	19.20	0.00	1	т	20
0	337	337	337	53	1	0.00	0.00	1	Ф	20
Цех111-1_ННН11@3@887@00@015	338	338	338	53	3	18.00	0.00	1	т	20
Цех750-1_ННН11@3@887@00@015	339	339	339	53	1	0.50	0.00	1	т	20
Цех111-2_ННН11@3@887@00@015	340	340	340	53	3	8.00	0.00	1	т	20
Цех888-0_ННН11@3@887@00@015	341	341	341	53	17	0.05	0.00	1	т	20
Цех750-2_ННН11@3@887@00@015	342	342	342	53	2	1.20	0.00	1	т	20
Цех1011-1_ННН11@3@887@00@015	343	343	343	53	4	19.20	0.00	1	т	20
0	344	344	344	54	1	0.00	0.00	1	Ф	20
Цех111-1_ННН11@3@887@00@016	345	345	345	54	3	18.00	0.00	1	т	20
Цех750-1_ННН11@3@887@00@016	346	346	346	54	1	0.50	0.00	1	т	20
Цех111-2_ННН11@3@887@00@016	347	347	347	54	3	8.00	0.00	1	т	20
Цех888-0_ННН11@3@887@00@016	348	348	348	54	17	0.05	0.00	1	т	20
Цех750-2_ННН11@3@887@00@016	349	349	349	54	2	1.20	0.00	1	т	20
Цех1011-1_ННН11@3@887@00@016	350	350	350	54	4	19.20	0.00	1	т	20
0	351	351	351	55	1	0.00	0.00	1	Ф	20
Цех111-1_ННН11@3@887@00@017	352	352	352	55	3	18.00	0.00	1	т	20
Цех750-1_ННН11@3@887@00@017	353	353	353	55	1	0.50	0.00	1	т	20
Цех111-2_ННН11@3@887@00@017	354	354	354	55	3	8.00	0.00	1	т	20
Цех888-0_ННН11@3@887@00@017	355	355	355	55	17	0.05	0.00	1	т	20
Цех750-2_ННН11@3@887@00@017	356	356	356	55	2	1.20	0.00	1	т	20
Цех1011-1_ННН11@3@887@00@017	357	357	357	55	4	19.20	0.00	1	т	20
0	358	358	358	56	1	0.00	0.00	1	Ф	20
Цех111-1_ННН11@3@887@00@018	359	359	359	56	3	18.00	0.00	12	т	20
Цех750-1_ННН11@3@887@00@018	360	360	360	56	1	0.50	0.00	12	т	20
Цех111-2_ННН11@3@887@00@018	361	361	361	56	3	8.00	0.00	12	т	20
Цех888-0_ННН11@3@887@00@018	362	362	362	56	17	0.05	0.00	12	т	20
Цех750-2_ННН11@3@887@00@018	363	363	363	56	2	1.20	0.00	12	т	20
Цех1011-1_ННН11@3@887@00@018	364	364	364	56	4	19.20	0.00	12	т	20
0	365	365	365	57	1	0.00	0.00	1	Ф	20
Цех111-1_ННН11@3@887@00@019	366	366	366	57	3	18.00	0.00	15	т	20
Цех750-1_ННН11@3@887@00@019	367	367	367	57	1	0.50	0.00	15	т	20
Цех111-2_ННН11@3@887@00@019	368	368	368	57	3	8.00	0.00	15	т	20
Цех888-0_ННН11@3@887@00@019	369	369	369	57	17	0.05	0.00	15	т	20
Цех750-2_ННН11@3@887@00@019	370	370	370	57	2	1.20	0.00	15	т	20
Цех1011-1_ННН11@3@887@00@019	371	371	371	57	4	19.20	0.00	15	т	20
0	372	372	372	58	1	0.00	0.00	1	Ф	20
Цех111-1_ННН11@3@887@00@021	373	373	373	58	3	18.00	0.00	1	т	20
Цех750-1_ННН11@3@887@00@021	374	374	374	58	1	0.50	0.00	1	т	20
Цех111-2_ННН11@3@887@00@021	375	375	375	58	3	8.00	0.00	1	т	20
Цех888-0_ННН11@3@887@00@021	376	376	376	58	17	0.05	0.00	1	т	20
Цех750-2_ННН11@3@887@00@021	377	377	377	58	2	1.20	0.00	1	т	20
Цех1011-1_ННН11@3@887@00@021	378	378	378	58	4	19.20	0.00	1	т	20
0	379	379	379	59	1	0.00	0.00	1	Ф	20
Цех111-1_ННН11@3@887@00@022	380	380	380	59	3	18.00	0.00	1	т	20
Цех750-1_ННН11@3@887@00@022	381	381	381	59	1	0.50	0.00	1	т	20
Цех111-2_ННН11@3@887@00@022	382	382	382	59	3	8.00	0.00	1	т	20
Цех888-0_ННН11@3@887@00@022	383	383	383	59	17	0.05	0.00	1	т	20
Цех750-2_ННН11@3@887@00@022	384	384	384	59	2	1.20	0.00	1	т	20
Цех1011-1_ННН11@3@887@00@022	385	385	385	59	4	19.20	0.00	1	т	20
0	386	386	386	60	1	0.00	0.00	1	Ф	20
Цех111-1_ННН11@3@887@00@023	387	387	387	60	3	18.00	0.00	2	т	20
Цех750-1_ННН11@3@887@00@023	388	388	388	60	1	0.50	0.00	2	т	20
Цех111-2_ННН11@3@887@00@023	389	389	389	60	3	8.00	0.00	2	т	20
Цех888-0_ННН11@3@887@00@023	390	390	390	60	17	0.05	0.00	2	т	20
Цех750-2_ННН11@3@887@00@023	391	391	391	60	2	1.20	0.00	2	т	20
Цех1011-1_ННН11@3@887@00@023	392	392	392	60	4	19.20	0.00	2	т	20
0	393	393	393	61	1	0.00	0.00	1	Ф	20
Цех111-1_ННН11@3@887@00@024	394	394	394	61	3	18.00	0.00	4	т	20
Цех750-1_ННН11@3@887@00@024	395	395	395	61	1	0.50	0.00	4	т	20
Цех111-2_ННН11@3@887@00@024	396	396	396	61	3	8.00	0.00	4	т	20
Цех888-0_ННН11@3@887@00@024	397	397	397	61	17	0.05	0.00	4	т	20
Цех750-2_ННН11@3@887@00@024	398	398	398	61	2	1.20	0.00	4	т	20
Цех1011-1_ННН11@3@887@00@024	399	399	399	61	4	19.20	0.00	4	т	20
0	400	400	400	62	1	0.00	0.00	1	Ф	20
Цех111-1_ННН11@3@887@00@025	401	401	401	62	3	18.00	0.00	6	т	20
Цех750-1_ННН11@3@887@00@025	402	402	402	62	1	0.50	0.00	6	т	20
Цех111-2_ННН11@3@887@00@025	403	403	403	62	3	8.00	0.00	6	т	20
Цех888-0_ННН11@3@887@00@025	404	404	404	62	17	0.05	0.00	6	т	20
Цех750-2_ННН11@3@887@00@025	405	405	405	62	2	1.20	0.00	6	т	20
Цех1011-1_ННН11@3@887@00@025	406	406	406	62	4	19.20	0.00	6	т	20
0	407	407	407	63	1	0.00	0.00	1	Ф	20
Цех111-1_ННН11@3@887@00@026	408	408	408	63	3	18.00	0.00	1	т	20
Цех750-1_ННН11@3@887@00@026	409	409	409	63	1	0.50	0.00	1	т	20
Цех111-2_ННН11@3@887@00@026	410	410	410	63	3	8.00	0.00	1	т	20
Цех888-0_ННН11@3@887@00@026	411	411	411	63	17	0.05	0.00	1	т	20
Цех750-2_ННН11@3@887@00@026	412	412	412	63	2	1.20	0.00	1	т	20
Цех1011-1_ННН11@3@887@00@026	413	413	413	63	4	19.20	0.00	1	т	20
0	414	414	414	64	1	0.00	0.00	1	Ф	20
Цех111-1_ННН11@3@887@00@027	415	415	415	64	3	18.00	0.00	1	т	20
Цех750-1_ННН11@3@887@00@027	416	416	416	64	1	0.50	0.00	1	т	20
Цех111-2_ННН11@3@887@00@027	417	417	417	64	3	8.00	0.00	1	т	20
Цех888-0_ННН11@3@887@00@027	418	418	418	64	17	0.05	0.00	1	т	20
Цех750-2_ННН11@3@887@00@027	419	419	419	64	2	1.20	0.00	1	т	20
Цех1011-1_ННН11@3@887@00@027	420	420	420	64	4	19.20	0.00	1	т	20
0	421	421	421	65	1	0.00	0.00	1	Ф	20
Цех111-1_ННН11@3@887@00@028	422	422	422	65	3	18.00	0.00	15	т	20
Цех750-1_ННН11@3@887@00@028	423	423	423	65	1	0.50	0.00	15	т	20
Цех111-2_ННН11@3@887@00@028	424	424	424	65	3	8.00	0.00	15	т	20
Цех888-0_ННН11@3@887@00@028	425	425	425	65	17	0.05	0.00	15	т	20
Цех750-2_ННН11@3@887@00@028	426	426	426	65	2	1.20	0.00	15	т	20
Цех1011-1_ННН11@3@887@00@028	427	427	427	65	4	19.20	0.00	15	т	20
0	428	428	428	66	1	0.00	0.00	1	Ф	20
Цех111-1_ННН11@3@887@00@029	429	429	429	66	3	18.00	0.00	15	т	20
Цех750-1_ННН11@3@887@00@029	430	430	430	66	1	0.50	0.00	15	т	20
Цех111-2_ННН11@3@887@00@029	431	431	431	66	3	8.00	0.00	15	т	20
Цех888-0_ННН11@3@887@00@029	432	432	432	66	17	0.05	0.00	15	т	20
Цех750-2_ННН11@3@887@00@029	433	433	433	66	2	1.20	0.00	15	т	20
Цех1011-1_ННН11@3@887@00@029	434	434	434	66	4	19.20	0.00	15	т	20
0	435	435	435	67	1	0.00	0.00	1	Ф	20
Цех111-1_ННН11@3@887@00@031	436	436	436	67	3	18.00	0.00	2	т	20
Цех750-1_ННН11@3@887@00@031	437	437	437	67	1	0.50	0.00	2	т	20
Цех111-2_ННН11@3@887@00@031	438	438	438	67	3	8.00	0.00	2	т	20
Цех888-0_ННН11@3@887@00@031	439	439	439	67	17	0.05	0.00	2	т	20
Цех750-2_ННН11@3@887@00@031	440	440	440	67	2	1.20	0.00	2	т	20
Цех1011-1_ННН11@3@887@00@031	441	441	441	67	4	19.20	0.00	2	т	20
0	442	442	442	68	1	0.00	0.00	1	Ф	20
Цех193-1_ГОСТ_7805-70	443	443	443	68	17	0.50	0.00	12	т	20
0	444	444	444	69	1	0.00	0.00	1	Ф	20
Цех193-1_ГОСТ_7798-70	445	445	445	69	17	0.50	0.00	4	т	20
0	446	446	446	70	1	0.00	0.00	1	Ф	20
Цех193-1_ГОСТ_5915-70	447	447	447	70	17	0.50	0.00	4	т	20
0	448	448	448	71	1	0.00	0.00	1	Ф	20
Цех193-1_ГОСТ_10299-80	449	449	449	71	17	0.50	0.00	6	т	20
0	450	450	450	72	1	0.00	0.00	1	Ф	20
Цех193-1_ОСТВ38@0529-86_Кольцо_2-161,5-3,3	451	451	451	72	17	0.50	0.00	3	т	20
0	452	452	452	73	1	0.00	0.00	1	Ф	20
Цех193-1_ОСТВ38@0529-86_Кольцо_2-180,0-3,3	453	453	453	73	17	0.50	0.00	6	т	20
0	454	454	454	74	1	0.00	0.00	1	Ф	20
Цех193-1_ОСТВ38@0529-86_Кольцо_2-190,0-3,3	455	455	455	74	17	0.50	0.00	3	т	20
0	456	456	456	75	1	0.00	0.00	1	Ф	20
Цех193-1_ГОСТ_18677-73	457	457	457	75	17	0.50	0.00	9	т	20
0	458	458	458	76	1	0.00	0.00	1	Ф	20
Цех193-1_ГОСТ_6402-70	459	459	459	76	17	0.50	0.00	4	т	20
0	460	460	460	77	1	0.00	0.00	1	Ф	20
Цех193-1_ЕИЖА525@494@001_ЕИЖА654213@007ТУ	461	461	461	77	17	0.50	0.00	1	т	20
0	462	462	462	78	1	0.00	0.00	1	Ф	20
Цех193-1_ГОСТ_3282-74	463	463	463	78	17	0.50	0.00	1	т	20
0	464	464	464	79	1	0.00	0.00	1	Ф	20
Цех1011-0_ННН11@3@887@03@000	465	465	465	79	1	0.00	0.00	1	k	20
Цех111-1_ННН11@3@887@03@000	466	466	466	79	3	18.00	0.00	1	т	20
Цех750-1_ННН11@3@887@03@000	467	467	467	79	1	0.50	0.00	1	т	20
Цех111-2_ННН11@3@887@03@000	468	468	468	79	5	24.00	0.00	1	т	20
Цех888-0_ННН11@3@887@03@000	469	469	469	79	47	0.05	0.00	1	т	20
Цех750-2_ННН11@3@887@03@000	470	470	470	79	2	1.20	0.00	1	т	20
Цех1011-1_ННН11@3@887@03@000	471	471	471	79	9	60.02	0.00	1	т	20
0	472	472	472	80	1	0.00	0.00	1	Ф	20
Цех1011-0_ННН11@3@887@04@000	473	473	473	80	1	0.00	0.00	1	k	20
Цех111-1_ННН11@3@887@04@000	474	474	474	80	3	18.00	0.00	1	т	20
Цех750-1_ННН11@3@887@04@000	475	475	475	80	1	0.50	0.00	1	т	20
Цех111-2_ННН11@3@887@04@000	476	476	476	80	5	24.00	0.00	1	т	20
Цех888-0_ННН11@3@887@04@000	477	477	477	80	47	0.05	0.00	1	т	20
Цех750-2_ННН11@3@887@04@000	478	478	478	80	2	1.20	0.00	1	т	20
Цех1011-1_ННН11@3@887@04@000	479	479	479	80	9	60.02	0.00	1	т	20
0	480	480	480	81	1	0.00	0.00	1	Ф	20
Цех111-1_ННН11@3@887@05@000	481	481	481	81	3	18.00	0.00	1	т	20
Цех750-1_ННН11@3@887@05@000	482	482	482	81	1	0.50	0.00	1	т	20
Цех111-2_ННН11@3@887@05@000	483	483	483	81	5	24.00	0.00	1	т	20
Цех888-0_ННН11@3@887@05@000	484	484	484	81	47	0.05	0.00	1	т	20
Цех750-2_ННН11@3@887@05@000	485	485	485	81	2	1.20	0.00	1	т	20
Цех1011-1_ННН11@3@887@05@000	486	486	486	81	9	60.02	0.00	1	т	20
0	487	487	487	82	1	0.00	0.00	1	Ф	20
Цех193-1_Сварочная_проволока_2В_O_2	488	488	488	82	17	0.50	0.00	1	т	20
0	489	489	489	83	1	0.00	0.00	1	Ф	20
Цех193-1_Сварочная_проволока_2В_O_3	490	490	490	83	17	0.50	0.00	9	т	20
0	491	491	491	84	1	0.00	0.00	1	Ф	20
Цех193-1_Сварочная_проволока_2В_O_4	492	492	492	84	17	0.50	0.00	3	т	20
0	493	493	493	85	1	0.00	0.00	1	Ф	20
Цех193-1_Сварочная_проволока_ВТ1-00св_O_3	494	494	494	85	17	0.50	0.00	1	т	20
0	495	495	495	86	1	0.00	0.00	1	Ф	20
Цех193-1_Вольфрамовый_пруток_ВЛ-10_O_3	496	496	496	86	17	0.50	0.00	1	т	20
0	497	497	497	87	1	0.00	0.00	1	Ф	20
Цех193-1_ГОСТ_21931-76	498	498	498	87	17	0.50	0.00	1	т	20
0	499	499	499	88	1	0.00	0.00	1	Ф	20
Цех193-1_ГОСТ_19113-84	500	500	500	88	17	0.50	0.00	1	т	20
0	501	501	501	89	1	0.00	0.00	1	Ф	20
Цех193-1_Электроды_типа_Э-46_O_3	502	502	502	89	17	0.50	0.00	1	т	20
0	503	503	503	90	1	0.00	0.00	1	Ф	20
Цех193-1_ТУ6-02-690-72	504	504	504	90	17	0.50	0.00	1	т	20
0	505	505	505	91	1	0.00	0.00	1	Ф	20
Цех193-1_ТУ2257-323-00208947-2000	506	506	506	91	17	0.50	0.00	1	т	20
0	507	507	507	92	1	0.00	0.00	1	Ф	20
Цех193-1_Смазка_ВНИИНП-279	508	508	508	92	17	0.50	0.00	1	т	20
0	509	509	509	93	1	0.00	0.00	1	Ф	20
Цех193-1_Смазка_графитовая	510	510	510	93	17	0.50	0.00	1	т	20
0	511	511	511	94	1	0.00	0.00	1	Ф	20
Цех193-1_Грунтовка___ВЛ-02	512	512	512	94	17	0.50	0.00	1	т	20
0	513	513	513	95	1	0.00	0.00	1	Ф	20
Цех193-1_Эмаль_ПФ_-_218ГС	514	514	514	95	17	0.50	0.00	2	т	20
0	515	515	515	96	1	0.00	0.00	1	Ф	20
Цех193-1_Эмаль___ХВ-16	516	516	516	96	17	0.50	0.00	1	т	20
0	517	517	517	97	1	0.00	0.00	1	Ф	20
Цех193-1_Эмаль__КО_-_935	518	518	518	97	17	0.50	0.00	1	т	20
0	519	519	519	98	1	0.00	0.00	1	Ф	20
Цех193-1_Растворитель_Р4,_Р5	520	520	520	98	17	0.50	0.00	1	т	20
0	521	521	521	99	1	0.00	0.00	1	Ф	20
Цех193-1_Уайт-спирит	522	522	522	99	17	0.50	0.00	5	т	20
0	523	523	523	100	1	0.00	0.00	1	Ф	20
Цех193-1_Ацетон_или_бензин_Б-70	524	524	524	100	17	0.50	0.00	1	т	20
0	525	525	525	101	1	0.00	0.00	1	Ф	20
Цех193-1_Бязь_х_@_б	526	526	526	101	17	0.50	0.00	1	т	20
0	527	527	527	102	1	0.00	0.00	1	Ф	20
Цех193-1_Аргон	528	528	528	102	17	0.50	0.00	2	т	20
0	529	529	529	103	1	0.00	0.00	1	Ф	20
Цех193-1_Гелий	530	530	530	103	17	0.50	0.00	1	т	20
0	531	531	531	104	1	0.00	0.00	1	Ф	20
Цех193-1_Спецтехнос	532	532	532	104	17	0.50	0.00	1	т	20
0	533	533	533	106	1	0.00	0.00	1	Ф	20
Крышка	534	534	534	106	1	0.00	0.00	1	Д	20
Кольцо уплотнительное	535	535	535	106	1	0.00	0.00	1	Г	20
0	536	536	536	114	1	0.00	0.00	1	Ф	20
Диск покрывной   O160х38 чист.р	537	537	537	114	1	0.00	0.00	1	Д	20
Диск с лопатками     O160х54 ч.р	538	538	538	114	1	0.00	0.00	1	Д	20
0	539	539	539	123	1	0.00	0.00	1	Ф	20
Кольцо уплотнительное	540	540	540	123	1	0.00	0.00	1	Г	20
0	541	541	541	132	1	0.00	0.00	1	Ф	20
Диск покрывной   O160х37 чист.р	542	542	542	132	1	0.00	0.00	1	Д	20
Диск с лопатками     O160х28 ч.р	543	543	543	132	1	0.00	0.00	1	Д	20
0	544	544	544	141	1	0.00	0.00	1	Ф	20
Диск покрывной	545	545	545	141	1	0.00	0.00	1	Д	20
Диск с лопатками отвода    O190х36  чист. р.	546	546	546	141	1	0.00	0.00	1	Д	20
Диск покрывной отвода	547	547	547	141	1	0.00	0.00	1	Д	20
Обечайка	548	548	548	141	1	0.00	0.00	1	Д	20
0	549	549	549	149	1	0.00	0.00	1	Ф	20
Корпус подшипн.  нижн.	550	550	550	149	1	0.00	0.00	1	Д	20
Винт	551	551	551	149	1	0.00	0.00	1	Д	20
Вкладыш	552	552	552	149	1	0.00	0.00	1	Г	20
0	553	553	553	157	1	0.00	0.00	1	Ф	20
Вкладыш	554	554	554	157	1	0.00	0.00	1	Г	20
Винт	555	555	555	157	1	0.00	0.00	1	Д	20
Корпус подшипн.  верхн.	556	556	556	157	1	0.00	0.00	1	Д	20
Кольцо	557	557	557	157	1	0.00	0.00	1	Г	20
0	558	558	558	165	1	0.00	0.00	1	Ф	20
Пята	559	559	559	165	1	0.00	0.00	1	Д	20
Кольцо	560	560	560	165	1	0.00	0.00	1	Г	20
Кольцо	561	561	561	165	1	0.00	0.00	1	Г	20
0	562	562	562	173	1	0.00	0.00	1	Ф	20
Кольцо	563	563	563	173	1	0.00	0.00	1	Г	20
Крышка 	564	564	564	173	1	0.00	0.00	1	С	20
0	565	565	565	181	1	0.00	0.00	1	Ф	20
Станина в сборе	566	566	566	181	1	0.00	0.00	1	С	20
Коробка выводов	567	567	567	181	1	0.00	0.00	1	С	20
Шпилька	568	568	568	181	1	0.00	0.00	1	Д	20
Гайка	569	569	569	181	1	0.00	0.00	1	Д	20
Шайба стопорная	570	570	570	181	1	0.00	0.00	1	Д	20
Корпус	571	571	571	181	1	0.00	0.00	1	Д	20
Знак заземления	572	572	572	181	1	0.00	0.00	1	Д	20
Шпилька заземления	573	573	573	181	1	0.00	0.00	1	Д	20
Штифт	574	574	574	181	1	0.00	0.00	1	Д	20
Винт - заглушка	575	575	575	181	1	0.00	0.00	1	Д	20
Кольцо 2-141,5-3,3	576	576	576	181	1	0.00	0.00	1	Г	20
Стекломиканит гибкий	577	577	577	181	1	0.00	0.00	1	y	20
Трубка II ТКСП 8	578	578	578	181	1	0.00	0.00	1	y	20
0	579	579	579	189	1	0.00	0.00	1	Ф	20
Вал	580	580	580	189	1	0.00	0.00	1	Д	20
Штифт 	581	581	581	189	1	0.00	0.00	1	Д	20
Ротор двигателя	582	582	582	189	1	0.00	0.00	1	Г	20
0	583	583	583	465	1	0.00	0.00	1	Ф	20
Втулка	584	584	584	465	1	0.00	0.00	1	Д	20
Кольцо	585	585	585	465	1	0.00	0.00	1	Г	20
Вкладыш	586	586	586	465	1	0.00	0.00	1	Г	20
Кольцо	587	587	587	465	1	0.00	0.00	1	Г	20
Кольцо	588	588	588	465	1	0.00	0.00	1	Г	20
Кольцо	589	589	589	465	1	0.00	0.00	1	Г	20
Кольцо 2-11,5-2,4	590	590	590	465	1	0.00	0.00	1	Г	20
Кольцо 2-141,5-3,3	591	591	591	465	1	0.00	0.00	1	Г	20
Кольцо 2-161,5-3,3	592	592	592	465	1	0.00	0.00	1	Г	20
Кольцо 2-180,0-3,3	593	593	593	465	1	0.00	0.00	1	Г	20
Кольцо 2-190,0-3,3	594	594	594	465	1	0.00	0.00	1	Г	20
0	595	595	595	473	1	0.00	0.00	1	Ф	20
Съемник	596	596	596	473	1	0.00	0.00	1	С	20
Съемник	597	597	597	473	1	0.00	0.00	1	С	20
Упор левый	598	598	598	473	1	0.00	0.00	1	Д	20
Упор  	599	599	599	473	1	0.00	0.00	1	Д	20
Ключ торцовый	600	600	600	473	1	0.00	0.00	1	Д	20
Планка	601	601	601	473	1	0.00	0.00	1	Д	20
Втулка	602	602	602	473	1	0.00	0.00	1	Д	20
Скоба	603	603	603	473	1	0.00	0.00	1	Д	20
Стакан	604	604	604	473	1	0.00	0.00	1	Д	20
Болт отжимной	605	605	605	473	1	0.00	0.00	1	Д	20
Планка	606	606	606	473	1	0.00	0.00	1	Д	20
Гайка М6-6Н.5.029	607	607	607	473	1	0.00	0.00	1	Г	20
Болт М10-6gх140.56.029	608	608	608	473	1	0.00	0.00	1	Г	20
Шайба А10.02.029	609	609	609	473	1	0.00	0.00	1	Г	20
0	610	610	610	534	1	0.00	0.00	1	Ф	20
Цех111-1_ННН11@3@887@00@101	611	611	611	534	3	18.00	0.00	1	т	20
Цех750-1_ННН11@3@887@00@101	612	612	612	534	1	0.50	0.00	1	т	20
Цех111-2_ННН11@3@887@00@101	613	613	613	534	3	8.00	0.00	1	т	20
Цех888-0_ННН11@3@887@00@101	614	614	614	534	17	0.05	0.00	1	т	20
Цех750-2_ННН11@3@887@00@101	615	615	615	534	2	1.20	0.00	1	т	20
Цех1011-1_ННН11@3@887@00@101	616	616	616	534	6	34.02	0.00	1	т	20
0	617	617	617	535	1	0.00	0.00	1	Ф	20
Цех193-1_ННН11@3@887@00@102	618	618	618	535	17	0.50	0.00	1	т	20
0	619	619	619	537	1	0.00	0.00	1	Ф	20
Цех111-1_ННН11@3@887@00@201	620	620	620	537	3	18.00	0.00	1	т	20
Цех750-1_ННН11@3@887@00@201	621	621	621	537	1	0.50	0.00	1	т	20
Цех111-2_ННН11@3@887@00@201	622	622	622	537	3	8.00	0.00	1	т	20
Цех888-0_ННН11@3@887@00@201	623	623	623	537	17	0.05	0.00	1	т	20
Цех750-2_ННН11@3@887@00@201	624	624	624	537	2	1.20	0.00	1	т	20
Цех1011-1_ННН11@3@887@00@201	625	625	625	537	4	19.20	0.00	1	т	20
0	626	626	626	538	1	0.00	0.00	1	Ф	20
Цех111-1_ННН11@3@887@00@202	627	627	627	538	3	18.00	0.00	1	т	20
Цех750-1_ННН11@3@887@00@202	628	628	628	538	1	0.50	0.00	1	т	20
Цех111-2_ННН11@3@887@00@202	629	629	629	538	3	8.00	0.00	1	т	20
Цех888-0_ННН11@3@887@00@202	630	630	630	538	17	0.05	0.00	1	т	20
Цех750-2_ННН11@3@887@00@202	631	631	631	538	2	1.20	0.00	1	т	20
Цех1011-1_ННН11@3@887@00@202	632	632	632	538	4	19.20	0.00	1	т	20
0	633	633	633	540	1	0.00	0.00	1	Ф	20
Цех111-1_ННН11@3@887@00@102-01	634	634	634	540	3	18.00	0.00	1	т	20
Цех750-1_ННН11@3@887@00@102-01	635	635	635	540	1	0.50	0.00	1	т	20
Цех1011-1_ННН11@3@887@00@102-01	636	636	636	540	3	12.92	0.00	1	т	20
0	637	637	637	542	1	0.00	0.00	1	Ф	20
Цех111-1_ННН11@3@887@00@501	638	638	638	542	3	18.00	0.00	1	т	20
Цех750-1_ННН11@3@887@00@501	639	639	639	542	1	0.50	0.00	1	т	20
Цех111-2_ННН11@3@887@00@501	640	640	640	542	3	8.00	0.00	1	т	20
Цех888-0_ННН11@3@887@00@501	641	641	641	542	17	0.05	0.00	1	т	20
Цех750-2_ННН11@3@887@00@501	642	642	642	542	2	1.20	0.00	1	т	20
Цех1011-1_ННН11@3@887@00@501	643	643	643	542	4	19.20	0.00	1	т	20
0	644	644	644	543	1	0.00	0.00	1	Ф	20
Цех111-1_ННН11@3@887@00@502	645	645	645	543	3	18.00	0.00	1	т	20
Цех750-1_ННН11@3@887@00@502	646	646	646	543	1	0.50	0.00	1	т	20
Цех111-2_ННН11@3@887@00@502	647	647	647	543	3	8.00	0.00	1	т	20
Цех888-0_ННН11@3@887@00@502	648	648	648	543	17	0.05	0.00	1	т	20
Цех750-2_ННН11@3@887@00@502	649	649	649	543	2	1.20	0.00	1	т	20
Цех1011-1_ННН11@3@887@00@502	650	650	650	543	4	19.20	0.00	1	т	20
0	651	651	651	545	1	0.00	0.00	1	Ф	20
Цех111-1_ННН11@3@887@00@402	652	652	652	545	3	18.00	0.00	1	т	20
Цех750-1_ННН11@3@887@00@402	653	653	653	545	1	0.50	0.00	1	т	20
Цех111-2_ННН11@3@887@00@402	654	654	654	545	3	8.00	0.00	1	т	20
Цех888-0_ННН11@3@887@00@402	655	655	655	545	17	0.05	0.00	1	т	20
Цех750-2_ННН11@3@887@00@402	656	656	656	545	2	1.20	0.00	1	т	20
Цех1011-1_ННН11@3@887@00@402	657	657	657	545	4	19.20	0.00	1	т	20
0	658	658	658	546	1	0.00	0.00	1	Ф	20
Цех111-1_ННН11@3@887@00@601	659	659	659	546	3	18.00	0.00	1	т	20
Цех750-1_ННН11@3@887@00@601	660	660	660	546	1	0.50	0.00	1	т	20
Цех111-2_ННН11@3@887@00@601	661	661	661	546	3	8.00	0.00	1	т	20
Цех888-0_ННН11@3@887@00@601	662	662	662	546	17	0.05	0.00	1	т	20
Цех750-2_ННН11@3@887@00@601	663	663	663	546	2	1.20	0.00	1	т	20
Цех1011-1_ННН11@3@887@00@601	664	664	664	546	4	19.20	0.00	1	т	20
0	665	665	665	547	1	0.00	0.00	1	Ф	20
Цех111-1_ННН11@3@887@00@602	666	666	666	547	3	18.00	0.00	1	т	20
Цех750-1_ННН11@3@887@00@602	667	667	667	547	1	0.50	0.00	1	т	20
Цех111-2_ННН11@3@887@00@602	668	668	668	547	3	8.00	0.00	1	т	20
Цех888-0_ННН11@3@887@00@602	669	669	669	547	17	0.05	0.00	1	т	20
Цех750-2_ННН11@3@887@00@602	670	670	670	547	2	1.20	0.00	1	т	20
Цех1011-1_ННН11@3@887@00@602	671	671	671	547	4	19.20	0.00	1	т	20
0	672	672	672	548	1	0.00	0.00	1	Ф	20
Цех111-1_ННН11@3@887@00@603	673	673	673	548	3	18.00	0.00	1	т	20
Цех750-1_ННН11@3@887@00@603	674	674	674	548	1	0.50	0.00	1	т	20
Цех111-2_ННН11@3@887@00@603	675	675	675	548	3	8.00	0.00	1	т	20
Цех888-0_ННН11@3@887@00@603	676	676	676	548	17	0.05	0.00	1	т	20
Цех750-2_ННН11@3@887@00@603	677	677	677	548	2	1.20	0.00	1	т	20
Цех1011-1_ННН11@3@887@00@603	678	678	678	548	4	19.20	0.00	1	т	20
0	679	679	679	550	1	0.00	0.00	1	Ф	20
Цех111-1_ННН11@3@887@00@701	680	680	680	550	3	18.00	0.00	1	т	20
Цех750-1_ННН11@3@887@00@701	681	681	681	550	1	0.50	0.00	1	т	20
Цех111-2_ННН11@3@887@00@701	682	682	682	550	3	8.00	0.00	1	т	20
Цех888-0_ННН11@3@887@00@701	683	683	683	550	17	0.05	0.00	1	т	20
Цех750-2_ННН11@3@887@00@701	684	684	684	550	2	1.20	0.00	1	т	20
Цех1011-1_ННН11@3@887@00@701	685	685	685	550	4	19.20	0.00	1	т	20
0	686	686	686	551	1	0.00	0.00	1	Ф	20
Цех111-1_ННН11@3@887@00@702	687	687	687	551	3	18.00	0.00	2	т	20
Цех750-1_ННН11@3@887@00@702	688	688	688	551	1	0.50	0.00	2	т	20
Цех111-2_ННН11@3@887@00@702	689	689	689	551	3	8.00	0.00	2	т	20
Цех888-0_ННН11@3@887@00@702	690	690	690	551	17	0.05	0.00	2	т	20
Цех750-2_ННН11@3@887@00@702	691	691	691	551	2	1.20	0.00	2	т	20
Цех1011-1_ННН11@3@887@00@702	692	692	692	551	4	19.20	0.00	2	т	20
0	693	693	693	552	1	0.00	0.00	1	Ф	20
Цех111-1_ННН11@3@887@00@703	694	694	694	552	3	18.00	0.00	4	т	20
Цех750-1_ННН11@3@887@00@703	695	695	695	552	1	0.50	0.00	4	т	20
Цех1011-1_ННН11@3@887@00@703	696	696	696	552	3	12.92	0.00	4	т	20
0	697	697	697	554	1	0.00	0.00	1	Ф	20
Цех111-1_ННН11@3@887@00@703	698	698	698	554	3	18.00	0.00	4	т	20
Цех750-1_ННН11@3@887@00@703	699	699	699	554	1	0.50	0.00	4	т	20
Цех1011-1_ННН11@3@887@00@703	700	700	700	554	3	12.92	0.00	4	т	20
0	701	701	701	555	1	0.00	0.00	1	Ф	20
Цех111-1_ННН11@3@887@00@702	702	702	702	555	3	18.00	0.00	2	т	20
Цех750-1_ННН11@3@887@00@702	703	703	703	555	1	0.50	0.00	2	т	20
Цех111-2_ННН11@3@887@00@702	704	704	704	555	3	8.00	0.00	2	т	20
Цех888-0_ННН11@3@887@00@702	705	705	705	555	17	0.05	0.00	2	т	20
Цех750-2_ННН11@3@887@00@702	706	706	706	555	2	1.20	0.00	2	т	20
Цех1011-1_ННН11@3@887@00@702	707	707	707	555	4	19.20	0.00	2	т	20
0	708	708	708	556	1	0.00	0.00	1	Ф	20
Цех111-1_ННН11@3@887@00@801	709	709	709	556	3	18.00	0.00	1	т	20
Цех750-1_ННН11@3@887@00@801	710	710	710	556	1	0.50	0.00	1	т	20
Цех111-2_ННН11@3@887@00@801	711	711	711	556	3	8.00	0.00	1	т	20
Цех888-0_ННН11@3@887@00@801	712	712	712	556	17	0.05	0.00	1	т	20
Цех750-2_ННН11@3@887@00@801	713	713	713	556	2	1.20	0.00	1	т	20
Цех1011-1_ННН11@3@887@00@801	714	714	714	556	4	19.20	0.00	1	т	20
0	715	715	715	557	1	0.00	0.00	1	Ф	20
Цех111-1_ННН11@3@887@00@802	716	716	716	557	3	18.00	0.00	2	т	20
Цех750-1_ННН11@3@887@00@802	717	717	717	557	1	0.50	0.00	2	т	20
Цех1011-1_ННН11@3@887@00@802	718	718	718	557	3	12.92	0.00	2	т	20
0	719	719	719	559	1	0.00	0.00	1	Ф	20
Цех750-1_ННН11@3@887@00@901	720	720	720	559	1	0.50	0.00	1	т	20
Цех111-2_ННН11@3@887@00@901	721	721	721	559	3	8.00	0.00	1	т	20
Цех888-0_ННН11@3@887@00@901	722	722	722	559	17	0.05	0.00	1	т	20
Цех750-2_ННН11@3@887@00@901	723	723	723	559	2	1.20	0.00	1	т	20
Цех1011-1_ННН11@3@887@00@901	724	724	724	559	4	19.20	0.00	1	т	20
Цех111-1_ННН11@3@887@00@901	725	725	725	559	3	18.00	0.00	1	т	20
0	726	726	726	560	1	0.00	0.00	1	Ф	20
Цех111-1_ННН11@3@887@00@902	727	727	727	560	3	18.00	0.00	2	т	20
Цех750-1_ННН11@3@887@00@902	728	728	728	560	1	0.50	0.00	2	т	20
Цех1011-1_ННН11@3@887@00@902	729	729	729	560	3	12.92	0.00	2	т	20
0	730	730	730	561	1	0.00	0.00	1	Ф	20
Цех111-1_ННН11@3@887@00@903	731	731	731	561	3	18.00	0.00	2	т	20
Цех750-1_ННН11@3@887@00@903	732	732	732	561	1	0.50	0.00	2	т	20
Цех1011-1_ННН11@3@887@00@903	733	733	733	561	3	12.92	0.00	2	т	20
0	734	734	734	563	1	0.00	0.00	1	Ф	20
Цех111-1_ННН11@3@887@00@111	735	735	735	563	3	18.00	0.00	2	т	20
Цех750-1_ННН11@3@887@00@111	736	736	736	563	1	0.50	0.00	2	т	20
Цех1011-1_ННН11@3@887@00@111	737	737	737	563	3	12.92	0.00	2	т	20
0	738	738	738	564	1	0.00	0.00	1	Ф	20
Цех1011-0_ННН11@3@887@00@120	739	739	739	564	1	0.00	0.00	1	k	20
Цех750-1_ННН11@3@887@00@120	740	740	740	564	1	0.50	0.00	1	т	20
Цех111-2_ННН11@3@887@00@120	741	741	741	564	5	24.00	0.00	1	т	20
Цех888-0_ННН11@3@887@00@120	742	742	742	564	47	0.05	0.00	1	т	20
Цех750-2_ННН11@3@887@00@120	743	743	743	564	2	1.20	0.00	1	т	20
Цех1011-1_ННН11@3@887@00@120	744	744	744	564	4	20.42	0.00	1	т	20
Цех111-1_ННН11@3@887@00@120	745	745	745	564	3	18.00	0.00	1	т	20
0	746	746	746	566	1	0.00	0.00	1	Ф	20
Цех1011-0_ННН11@3@887@01@010	747	747	747	566	1	0.00	0.00	1	k	20
Цех111-1_ННН11@3@887@01@010	748	748	748	566	3	18.00	0.00	1	т	20
Цех750-1_ННН11@3@887@01@010	749	749	749	566	1	0.50	0.00	1	т	20
Цех111-2_ННН11@3@887@01@010	750	750	750	566	5	24.00	0.00	1	т	20
Цех888-0_ННН11@3@887@01@010	751	751	751	566	47	0.05	0.00	1	т	20
Цех750-2_ННН11@3@887@01@010	752	752	752	566	2	1.20	0.00	1	т	20
Цех1011-1_ННН11@3@887@01@010	753	753	753	566	9	60.02	0.00	1	т	20
0	754	754	754	567	1	0.00	0.00	1	Ф	20
Цех1011-0_ННН11@3@887@01@030	755	755	755	567	1	0.00	0.00	1	k	20
Цех111-1_ННН11@3@887@01@030	756	756	756	567	3	18.00	0.00	1	т	20
Цех750-1_ННН11@3@887@01@030	757	757	757	567	1	0.50	0.00	1	т	20
Цех111-2_ННН11@3@887@01@030	758	758	758	567	5	24.00	0.00	1	т	20
Цех888-0_ННН11@3@887@01@030	759	759	759	567	47	0.05	0.00	1	т	20
Цех750-2_ННН11@3@887@01@030	760	760	760	567	2	1.20	0.00	1	т	20
Цех1011-1_ННН11@3@887@01@030	761	761	761	567	9	60.02	0.00	1	т	20
0	762	762	762	568	1	0.00	0.00	1	Ф	20
Цех111-1_ННН11@3@887@00@018-01	763	763	763	568	3	18.00	0.00	4	т	20
Цех750-1_ННН11@3@887@00@018-01	764	764	764	568	1	0.50	0.00	4	т	20
Цех111-2_ННН11@3@887@00@018-01	765	765	765	568	3	8.00	0.00	4	т	20
Цех888-0_ННН11@3@887@00@018-01	766	766	766	568	17	0.05	0.00	4	т	20
Цех750-2_ННН11@3@887@00@018-01	767	767	767	568	2	1.20	0.00	4	т	20
Цех1011-1_ННН11@3@887@00@018-01	768	768	768	568	4	19.20	0.00	4	т	20
0	769	769	769	569	1	0.00	0.00	1	Ф	20
Цех111-1_ННН11@3@887@00@002-04	770	770	770	569	3	18.00	0.00	4	т	20
Цех750-1_ННН11@3@887@00@002-04	771	771	771	569	1	0.50	0.00	4	т	20
Цех111-2_ННН11@3@887@00@002-04	772	772	772	569	3	8.00	0.00	4	т	20
Цех888-0_ННН11@3@887@00@002-04	773	773	773	569	17	0.05	0.00	4	т	20
Цех750-2_ННН11@3@887@00@002-04	774	774	774	569	2	1.20	0.00	4	т	20
Цех1011-1_ННН11@3@887@00@002-04	775	775	775	569	4	19.20	0.00	4	т	20
0	776	776	776	570	1	0.00	0.00	1	Ф	20
Цех111-1_ННН11@3@887@00@003-01	777	777	777	570	3	18.00	0.00	20	т	20
Цех750-1_ННН11@3@887@00@003-01	778	778	778	570	1	0.50	0.00	20	т	20
Цех111-2_ННН11@3@887@00@003-01	779	779	779	570	3	8.00	0.00	20	т	20
Цех888-0_ННН11@3@887@00@003-01	780	780	780	570	17	0.05	0.00	20	т	20
Цех750-2_ННН11@3@887@00@003-01	781	781	781	570	2	1.20	0.00	20	т	20
Цех1011-1_ННН11@3@887@00@003-01	782	782	782	570	4	19.20	0.00	20	т	20
0	783	783	783	571	1	0.00	0.00	1	Ф	20
Цех111-1_ННН11@3@887@01@001	784	784	784	571	3	18.00	0.00	1	т	20
Цех750-1_ННН11@3@887@01@001	785	785	785	571	1	0.50	0.00	1	т	20
Цех111-2_ННН11@3@887@01@001	786	786	786	571	3	8.00	0.00	1	т	20
Цех888-0_ННН11@3@887@01@001	787	787	787	571	17	0.05	0.00	1	т	20
Цех750-2_ННН11@3@887@01@001	788	788	788	571	2	1.20	0.00	1	т	20
Цех1011-1_ННН11@3@887@01@001	789	789	789	571	4	19.20	0.00	1	т	20
0	790	790	790	572	1	0.00	0.00	1	Ф	20
Цех111-1_ННН11@3@887@01@004	791	791	791	572	3	18.00	0.00	2	т	20
Цех750-1_ННН11@3@887@01@004	792	792	792	572	1	0.50	0.00	2	т	20
Цех111-2_ННН11@3@887@01@004	793	793	793	572	3	8.00	0.00	2	т	20
Цех888-0_ННН11@3@887@01@004	794	794	794	572	17	0.05	0.00	2	т	20
Цех750-2_ННН11@3@887@01@004	795	795	795	572	2	1.20	0.00	2	т	20
Цех1011-1_ННН11@3@887@01@004	796	796	796	572	4	19.20	0.00	2	т	20
0	797	797	797	573	1	0.00	0.00	1	Ф	20
Цех111-1_ННН11@3@887@01@005	798	798	798	573	3	18.00	0.00	2	т	20
Цех750-1_ННН11@3@887@01@005	799	799	799	573	1	0.50	0.00	2	т	20
Цех111-2_ННН11@3@887@01@005	800	800	800	573	3	8.00	0.00	2	т	20
Цех888-0_ННН11@3@887@01@005	801	801	801	573	17	0.05	0.00	2	т	20
Цех750-2_ННН11@3@887@01@005	802	802	802	573	2	1.20	0.00	2	т	20
Цех1011-1_ННН11@3@887@01@005	803	803	803	573	4	19.20	0.00	2	т	20
0	804	804	804	574	1	0.00	0.00	1	Ф	20
Цех111-1_ННН11@3@887@01@006	805	805	805	574	3	18.00	0.00	2	т	20
Цех750-1_ННН11@3@887@01@006	806	806	806	574	1	0.50	0.00	2	т	20
Цех111-2_ННН11@3@887@01@006	807	807	807	574	3	8.00	0.00	2	т	20
Цех888-0_ННН11@3@887@01@006	808	808	808	574	17	0.05	0.00	2	т	20
Цех750-2_ННН11@3@887@01@006	809	809	809	574	2	1.20	0.00	2	т	20
Цех1011-1_ННН11@3@887@01@006	810	810	810	574	4	19.20	0.00	2	т	20
0	811	811	811	575	1	0.00	0.00	1	Ф	20
Цех111-1_ННН11@3@887@01@007	812	812	812	575	3	18.00	0.00	1	т	20
Цех750-1_ННН11@3@887@01@007	813	813	813	575	1	0.50	0.00	1	т	20
Цех111-2_ННН11@3@887@01@007	814	814	814	575	3	8.00	0.00	1	т	20
Цех888-0_ННН11@3@887@01@007	815	815	815	575	17	0.05	0.00	1	т	20
Цех750-2_ННН11@3@887@01@007	816	816	816	575	2	1.20	0.00	1	т	20
Цех1011-1_ННН11@3@887@01@007	817	817	817	575	4	19.20	0.00	1	т	20
0	818	818	818	576	1	0.00	0.00	1	Ф	20
Цех193-1_ОСТВ38@0529-86_Кольцо_2-141,5-3,3	819	819	819	576	17	0.50	0.00	6	т	20
0	820	820	820	577	1	0.00	0.00	1	Ф	20
Цех193-1_ГОСТ_8727-78	821	821	821	577	17	0.50	0.00	1	т	20
0	822	822	822	578	1	0.00	0.00	1	Ф	20
Цех193-1_ТУ16@503@133-79	823	823	823	578	17	0.50	0.00	1	т	20
0	824	824	824	580	1	0.00	0.00	1	Ф	20
Цех111-1_ННН11@3@887@02@001	825	825	825	580	3	18.00	0.00	1	т	20
Цех750-1_ННН11@3@887@02@001	826	826	826	580	1	0.50	0.00	1	т	20
Цех111-2_ННН11@3@887@02@001	827	827	827	580	3	8.00	0.00	1	т	20
Цех888-0_ННН11@3@887@02@001	828	828	828	580	17	0.05	0.00	1	т	20
Цех750-2_ННН11@3@887@02@001	829	829	829	580	2	1.20	0.00	1	т	20
Цех1011-1_ННН11@3@887@02@001	830	830	830	580	4	19.20	0.00	1	т	20
0	831	831	831	581	1	0.00	0.00	1	Ф	20
Цех111-1_ННН11@3@887@02@003	832	832	832	581	3	18.00	0.00	3	т	20
Цех750-1_ННН11@3@887@02@003	833	833	833	581	1	0.50	0.00	3	т	20
Цех111-2_ННН11@3@887@02@003	834	834	834	581	3	8.00	0.00	3	т	20
Цех888-0_ННН11@3@887@02@003	835	835	835	581	17	0.05	0.00	3	т	20
Цех750-2_ННН11@3@887@02@003	836	836	836	581	2	1.20	0.00	3	т	20
Цех1011-1_ННН11@3@887@02@003	837	837	837	581	4	19.20	0.00	3	т	20
0	838	838	838	582	1	0.00	0.00	1	Ф	20
Цех193-1_ЕИЖА@684242@137_ЕИЖА@654213@007ТУ	839	839	839	582	17	0.50	0.00	1	т	20
0	840	840	840	584	1	0.00	0.00	1	Ф	20
Цех111-1_ННН11@3@887@00@011	841	841	841	584	3	18.00	0.00	4	т	20
Цех750-1_ННН11@3@887@00@011	842	842	842	584	1	0.50	0.00	4	т	20
Цех111-2_ННН11@3@887@00@011	843	843	843	584	3	8.00	0.00	4	т	20
Цех888-0_ННН11@3@887@00@011	844	844	844	584	17	0.05	0.00	4	т	20
Цех750-2_ННН11@3@887@00@011	845	845	845	584	2	1.20	0.00	4	т	20
Цех1011-1_ННН11@3@887@00@011	846	846	846	584	4	20.42	0.00	4	т	20
0	847	847	847	585	1	0.00	0.00	1	Ф	20
Цех111-1_ННН11@3@887@00@111	848	848	848	585	3	18.00	0.00	2	т	20
Цех750-1_ННН11@3@887@00@111	849	849	849	585	1	0.50	0.00	2	т	20
Цех1011-1_ННН11@3@887@00@111	850	850	850	585	3	12.92	0.00	2	т	20
0	851	851	851	586	1	0.00	0.00	1	Ф	20
Цех111-1_ННН11@3@887@00@703	852	852	852	586	3	18.00	0.00	4	т	20
Цех750-1_ННН11@3@887@00@703	853	853	853	586	1	0.50	0.00	4	т	20
Цех1011-1_ННН11@3@887@00@703	854	854	854	586	3	12.92	0.00	4	т	20
0	855	855	855	587	1	0.00	0.00	1	Ф	20
Цех111-1_ННН11@3@887@00@802	856	856	856	587	3	18.00	0.00	2	т	20
Цех750-1_ННН11@3@887@00@802	857	857	857	587	1	0.50	0.00	2	т	20
Цех1011-1_ННН11@3@887@00@802	858	858	858	587	3	12.92	0.00	2	т	20
0	859	859	859	588	1	0.00	0.00	1	Ф	20
Цех111-1_ННН11@3@887@00@902	860	860	860	588	3	18.00	0.00	2	т	20
Цех750-1_ННН11@3@887@00@902	861	861	861	588	1	0.50	0.00	2	т	20
Цех1011-1_ННН11@3@887@00@902	862	862	862	588	3	12.92	0.00	2	т	20
0	863	863	863	589	1	0.00	0.00	1	Ф	20
Цех111-1_ННН11@3@887@00@903	864	864	864	589	3	18.00	0.00	2	т	20
Цех750-1_ННН11@3@887@00@903	865	865	865	589	1	0.50	0.00	2	т	20
Цех1011-1_ННН11@3@887@00@903	866	866	866	589	3	12.92	0.00	2	т	20
0	867	867	867	590	1	0.00	0.00	1	Ф	20
Цех193-1_ОСТВ38@0529-86_Кольцо_2-11,5-2,4	868	868	868	590	17	0.50	0.00	30	т	20
0	869	869	869	591	1	0.00	0.00	1	Ф	20
Цех193-1_ОСТВ38@0529-86_Кольцо_2-141,5-3,3	870	870	870	591	17	0.50	0.00	6	т	20
0	871	871	871	592	1	0.00	0.00	1	Ф	20
Цех193-1_ОСТВ38@0529-86_Кольцо_2-161,5-3,3	872	872	872	592	17	0.50	0.00	3	т	20
0	873	873	873	593	1	0.00	0.00	1	Ф	20
Цех193-1_ОСТВ38@0529-86_Кольцо_2-180,0-3,3	874	874	874	593	17	0.50	0.00	6	т	20
0	875	875	875	594	1	0.00	0.00	1	Ф	20
Цех193-1_ОСТВ38@0529-86_Кольцо_2-190,0-3,3	876	876	876	594	17	0.50	0.00	3	т	20
0	877	877	877	596	1	0.00	0.00	1	Ф	20
Цех1011-0_ННН11@3@887@04@010	878	878	878	596	1	0.00	0.00	1	k	20
Цех111-1_ННН11@3@887@04@010	879	879	879	596	3	18.00	0.00	1	т	20
Цех750-1_ННН11@3@887@04@010	880	880	880	596	1	0.50	0.00	1	т	20
Цех111-2_ННН11@3@887@04@010	881	881	881	596	5	24.00	0.00	1	т	20
Цех888-0_ННН11@3@887@04@010	882	882	882	596	47	0.05	0.00	1	т	20
Цех750-2_ННН11@3@887@04@010	883	883	883	596	2	1.20	0.00	1	т	20
Цех1011-1_ННН11@3@887@04@010	884	884	884	596	9	60.02	0.00	1	т	20
0	885	885	885	597	1	0.00	0.00	1	Ф	20
Цех1011-0_ННН11@3@887@04@030	886	886	886	597	1	0.00	0.00	1	k	20
Цех111-1_ННН11@3@887@04@030	887	887	887	597	3	18.00	0.00	1	т	20
Цех750-1_ННН11@3@887@04@030	888	888	888	597	1	0.50	0.00	1	т	20
Цех111-2_ННН11@3@887@04@030	889	889	889	597	5	24.00	0.00	1	т	20
Цех888-0_ННН11@3@887@04@030	890	890	890	597	47	0.05	0.00	1	т	20
Цех750-2_ННН11@3@887@04@030	891	891	891	597	2	1.20	0.00	1	т	20
Цех1011-1_ННН11@3@887@04@030	892	892	892	597	9	60.02	0.00	1	т	20
0	893	893	893	598	1	0.00	0.00	1	Ф	20
Цех111-1_ННН11@3@887@04@001	894	894	894	598	3	18.00	0.00	1	т	20
Цех750-1_ННН11@3@887@04@001	895	895	895	598	1	0.50	0.00	1	т	20
Цех111-2_ННН11@3@887@04@001	896	896	896	598	3	8.00	0.00	1	т	20
Цех888-0_ННН11@3@887@04@001	897	897	897	598	17	0.05	0.00	1	т	20
Цех750-2_ННН11@3@887@04@001	898	898	898	598	2	1.20	0.00	1	т	20
Цех1011-1_ННН11@3@887@04@001	899	899	899	598	4	19.20	0.00	1	т	20
0	900	900	900	599	1	0.00	0.00	1	Ф	20
Цех111-1_ННН11@3@887@04@002	901	901	901	599	3	18.00	0.00	1	т	20
Цех750-1_ННН11@3@887@04@002	902	902	902	599	1	0.50	0.00	1	т	20
Цех111-2_ННН11@3@887@04@002	903	903	903	599	3	8.00	0.00	1	т	20
Цех888-0_ННН11@3@887@04@002	904	904	904	599	17	0.05	0.00	1	т	20
Цех750-2_ННН11@3@887@04@002	905	905	905	599	2	1.20	0.00	1	т	20
Цех1011-1_ННН11@3@887@04@002	906	906	906	599	4	19.20	0.00	1	т	20
0	907	907	907	600	1	0.00	0.00	1	Ф	20
Цех111-1_ННН11@3@887@04@003	908	908	908	600	3	18.00	0.00	1	т	20
Цех750-1_ННН11@3@887@04@003	909	909	909	600	1	0.50	0.00	1	т	20
Цех111-2_ННН11@3@887@04@003	910	910	910	600	3	8.00	0.00	1	т	20
Цех888-0_ННН11@3@887@04@003	911	911	911	600	17	0.05	0.00	1	т	20
Цех750-2_ННН11@3@887@04@003	912	912	912	600	2	1.20	0.00	1	т	20
Цех1011-1_ННН11@3@887@04@003	913	913	913	600	4	19.20	0.00	1	т	20
0	914	914	914	601	1	0.00	0.00	1	Ф	20
Цех111-1_ННН11@3@887@04@004	915	915	915	601	3	18.00	0.00	1	т	20
Цех750-1_ННН11@3@887@04@004	916	916	916	601	1	0.50	0.00	1	т	20
Цех111-2_ННН11@3@887@04@004	917	917	917	601	3	8.00	0.00	1	т	20
Цех888-0_ННН11@3@887@04@004	918	918	918	601	17	0.05	0.00	1	т	20
Цех750-2_ННН11@3@887@04@004	919	919	919	601	2	1.20	0.00	1	т	20
Цех1011-1_ННН11@3@887@04@004	920	920	920	601	4	19.20	0.00	1	т	20
0	921	921	921	602	1	0.00	0.00	1	Ф	20
Цех111-1_ННН11@3@887@04@005	922	922	922	602	3	18.00	0.00	1	т	20
Цех750-1_ННН11@3@887@04@005	923	923	923	602	1	0.50	0.00	1	т	20
Цех111-2_ННН11@3@887@04@005	924	924	924	602	3	8.00	0.00	1	т	20
Цех888-0_ННН11@3@887@04@005	925	925	925	602	17	0.05	0.00	1	т	20
Цех750-2_ННН11@3@887@04@005	926	926	926	602	2	1.20	0.00	1	т	20
Цех1011-1_ННН11@3@887@04@005	927	927	927	602	4	19.20	0.00	1	т	20
0	928	928	928	603	1	0.00	0.00	1	Ф	20
Цех111-1_ННН11@3@887@04@006	929	929	929	603	3	18.00	0.00	1	т	20
Цех750-1_ННН11@3@887@04@006	930	930	930	603	1	0.50	0.00	1	т	20
Цех111-2_ННН11@3@887@04@006	931	931	931	603	3	8.00	0.00	1	т	20
Цех888-0_ННН11@3@887@04@006	932	932	932	603	17	0.05	0.00	1	т	20
Цех750-2_ННН11@3@887@04@006	933	933	933	603	2	1.20	0.00	1	т	20
Цех1011-1_ННН11@3@887@04@006	934	934	934	603	4	19.20	0.00	1	т	20
0	935	935	935	604	1	0.00	0.00	1	Ф	20
Цех111-1_ННН11@3@887@04@007	936	936	936	604	3	18.00	0.00	1	т	20
Цех750-1_ННН11@3@887@04@007	937	937	937	604	1	0.50	0.00	1	т	20
Цех111-2_ННН11@3@887@04@007	938	938	938	604	3	8.00	0.00	1	т	20
Цех888-0_ННН11@3@887@04@007	939	939	939	604	17	0.05	0.00	1	т	20
Цех750-2_ННН11@3@887@04@007	940	940	940	604	2	1.20	0.00	1	т	20
Цех1011-1_ННН11@3@887@04@007	941	941	941	604	4	19.20	0.00	1	т	20
0	942	942	942	605	1	0.00	0.00	1	Ф	20
Цех111-1_ННН11@3@887@04@008	943	943	943	605	3	18.00	0.00	2	т	20
Цех750-1_ННН11@3@887@04@008	944	944	944	605	1	0.50	0.00	2	т	20
Цех111-2_ННН11@3@887@04@008	945	945	945	605	3	8.00	0.00	2	т	20
Цех888-0_ННН11@3@887@04@008	946	946	946	605	17	0.05	0.00	2	т	20
Цех750-2_ННН11@3@887@04@008	947	947	947	605	2	1.20	0.00	2	т	20
Цех1011-1_ННН11@3@887@04@008	948	948	948	605	4	19.20	0.00	2	т	20
0	949	949	949	606	1	0.00	0.00	1	Ф	20
Цех111-1_ННН11@3@887@04@009	950	950	950	606	3	18.00	0.00	1	т	20
Цех750-1_ННН11@3@887@04@009	951	951	951	606	1	0.50	0.00	1	т	20
Цех111-2_ННН11@3@887@04@009	952	952	952	606	3	8.00	0.00	1	т	20
Цех888-0_ННН11@3@887@04@009	953	953	953	606	17	0.05	0.00	1	т	20
Цех750-2_ННН11@3@887@04@009	954	954	954	606	2	1.20	0.00	1	т	20
Цех1011-1_ННН11@3@887@04@009	955	955	955	606	4	19.20	0.00	1	т	20
0	956	956	956	607	1	0.00	0.00	1	Ф	20
Цех193-1_ГОСТ_5915-70_Гайка_М6-6Н@5@029	957	957	957	607	17	0.50	0.00	2	т	20
0	958	958	958	608	1	0.00	0.00	1	Ф	20
Цех193-1_ГОСТ_7798-70_Болт_М10-6gх140@56@029	959	959	959	608	17	0.50	0.00	2	т	20
0	960	960	960	609	1	0.00	0.00	1	Ф	20
Цех193-1_ГОСТ_11371-78_Шайба_А10@02@029	961	961	961	609	17	0.50	0.00	2	т	20
0	962	962	962	739	1	0.00	0.00	1	Ф	20
Фланец            O245х65 ч.р.	963	963	963	739	1	0.00	0.00	1	Д	20
Стакан	964	964	964	739	1	0.00	0.00	1	Д	20
0	965	965	965	747	1	0.00	0.00	1	Ф	20
Щит верхний	966	966	966	747	1	0.00	0.00	1	С	20
Станина 	967	967	967	747	1	0.00	0.00	1	Д	20
Станина  (заготовка)	968	968	968	747	1	0.00	0.00	1	Д	20
Щит нижний    O202х101 ч.р.	969	969	969	747	1	0.00	0.00	1	Д	20
Гильза статора	970	970	970	747	1	0.00	0.00	1	Д	20
Статор обмотанный электродвигателя	971	971	971	747	1	0.00	0.00	1	Г	20
0	972	972	972	755	1	0.00	0.00	1	Ф	20
Корпус	973	973	973	755	1	0.00	0.00	1	С	20
Шпилька контактная	974	974	974	755	1	0.00	0.00	1	С	20
Шпилька контактная	975	975	975	755	1	0.00	0.00	1	С	20
Шайба стопорная	976	976	976	755	1	0.00	0.00	1	Д	20
Болт	977	977	977	755	1	0.00	0.00	1	Д	20
Втулка	978	978	978	755	1	0.00	0.00	1	Д	20
Шайба	979	979	979	755	1	0.00	0.00	1	Д	20
Шайба	980	980	980	755	1	0.00	0.00	1	Д	20
Прокладка	981	981	981	755	1	0.00	0.00	1	Д	20
Прокладка	982	982	982	755	1	0.00	0.00	1	Д	20
Гайка	983	983	983	755	1	0.00	0.00	1	Д	20
Гайка	984	984	984	755	1	0.00	0.00	1	Д	20
Крышка 	985	985	985	755	1	0.00	0.00	1	Д	20
Втулка	986	986	986	755	1	0.00	0.00	1	Д	20
Гайка М4-6Н.32.Л63.Нсил.9.Х	987	987	987	755	1	0.00	0.00	1	Г	20
Гайка М6-6Н.32.Л63.Нсил.9.Х	988	988	988	755	1	0.00	0.00	1	Г	20
Кольцо 2-11,5-2,4	989	989	989	755	1	0.00	0.00	1	Г	20
Кольцо 2-141,5-3,3	990	990	990	755	1	0.00	0.00	1	Г	20
ШайбаС.4.32.Л63.Нсил.9.Х	991	991	991	755	1	0.00	0.00	1	Г	20
ШайбаС.6.32.Л63.Нсил.9.Х	992	992	992	755	1	0.00	0.00	1	Г	20
0	993	993	993	878	1	0.00	0.00	1	Ф	20
Стяжка	994	994	994	878	1	0.00	0.00	1	С	20
Стяжка	995	995	995	878	1	0.00	0.00	1	С	20
Стяжка	996	996	996	878	1	0.00	0.00	1	С	20
Винт	997	997	997	878	1	0.00	0.00	1	Д	20
Вороток	998	998	998	878	1	0.00	0.00	1	Д	20
Планка	999	999	999	878	1	0.00	0.00	1	Д	20
Гайка М8-6Н.5	1000	1000	1000	878	1	0.00	0.00	1	Г	20
Шпилька 	1001	1001	1001	878	1	0.00	0.00	1	Д	20
Шпилька 	1002	1002	1002	878	1	0.00	0.00	1	Д	20
Шпилька 	1003	1003	1003	878	1	0.00	0.00	1	Д	20
0	1004	1004	1004	886	1	0.00	0.00	1	Ф	20
Ухват	1005	1005	1005	886	1	0.00	0.00	1	С	20
Винт	1006	1006	1006	886	1	0.00	0.00	1	Д	20
Вороток	1007	1007	1007	886	1	0.00	0.00	1	Д	20
Шайба	1008	1008	1008	886	1	0.00	0.00	1	Д	20
Планка	1009	1009	1009	886	1	0.00	0.00	1	Д	20
Болт М16-6gх85.56.029	1010	1010	1010	886	1	0.00	0.00	1	Г	20
Гайка М16-6Н.5.029	1011	1011	1011	886	1	0.00	0.00	1	Г	20
Шайба	1012	1012	1012	886	1	0.00	0.00	1	Д	20
Штифт	1013	1013	1013	886	1	0.00	0.00	1	Д	20
Втулка	1014	1014	1014	886	1	0.00	0.00	1	Д	20
Планка	1015	1015	1015	886	1	0.00	0.00	1	Д	20
0	1016	1016	1016	963	1	0.00	0.00	1	Ф	20
Цех111-1_ННН11@3@887@00@121	1017	1017	1017	963	3	18.00	0.00	1	т	20
Цех750-1_ННН11@3@887@00@121	1018	1018	1018	963	1	0.50	0.00	1	т	20
Цех111-2_ННН11@3@887@00@121	1019	1019	1019	963	3	8.00	0.00	1	т	20
Цех888-0_ННН11@3@887@00@121	1020	1020	1020	963	17	0.05	0.00	1	т	20
Цех750-2_ННН11@3@887@00@121	1021	1021	1021	963	2	1.20	0.00	1	т	20
Цех1011-1_ННН11@3@887@00@121	1022	1022	1022	963	4	19.20	0.00	1	т	20
0	1023	1023	1023	964	1	0.00	0.00	1	Ф	20
Цех111-1_ННН11@3@887@00@122	1024	1024	1024	964	3	18.00	0.00	1	т	20
Цех750-1_ННН11@3@887@00@122	1025	1025	1025	964	1	0.50	0.00	1	т	20
Цех111-2_ННН11@3@887@00@122	1026	1026	1026	964	3	8.00	0.00	1	т	20
Цех888-0_ННН11@3@887@00@122	1027	1027	1027	964	17	0.05	0.00	1	т	20
Цех750-2_ННН11@3@887@00@122	1028	1028	1028	964	2	1.20	0.00	1	т	20
Цех1011-1_ННН11@3@887@00@122	1029	1029	1029	964	4	19.20	0.00	1	т	20
0	1030	1030	1030	966	1	0.00	0.00	1	Ф	20
Цех1011-0_ННН11@3@887@01@020	1031	1031	1031	966	1	0.00	0.00	1	k	20
Цех111-1_ННН11@3@887@01@020	1032	1032	1032	966	3	18.00	0.00	1	т	20
Цех750-1_ННН11@3@887@01@020	1033	1033	1033	966	1	0.50	0.00	1	т	20
Цех111-2_ННН11@3@887@01@020	1034	1034	1034	966	5	24.00	0.00	1	т	20
Цех888-0_ННН11@3@887@01@020	1035	1035	1035	966	47	0.05	0.00	1	т	20
Цех750-2_ННН11@3@887@01@020	1036	1036	1036	966	2	1.20	0.00	1	т	20
Цех1011-1_ННН11@3@887@01@020	1037	1037	1037	966	9	60.02	0.00	1	т	20
0	1038	1038	1038	967	1	0.00	0.00	1	Ф	20
Цех111-1_ННН11@3@887@01@101	1039	1039	1039	967	3	18.00	0.00	1	т	20
Цех750-1_ННН11@3@887@01@101	1040	1040	1040	967	1	0.50	0.00	1	т	20
Цех111-2_ННН11@3@887@01@101	1041	1041	1041	967	3	8.00	0.00	1	т	20
Цех888-0_ННН11@3@887@01@101	1042	1042	1042	967	17	0.05	0.00	1	т	20
Цех750-2_ННН11@3@887@01@101	1043	1043	1043	967	2	1.20	0.00	1	т	20
Цех1011-1_ННН11@3@887@01@101	1044	1044	1044	967	4	19.20	0.00	1	т	20
0	1045	1045	1045	968	1	0.00	0.00	1	Ф	20
Цех111-1_ННН11@3@887@01@101Д3	1046	1046	1046	968	3	18.00	0.00	1	т	20
Цех750-1_ННН11@3@887@01@101Д3	1047	1047	1047	968	1	0.50	0.00	1	т	20
Цех111-2_ННН11@3@887@01@101Д3	1048	1048	1048	968	3	8.00	0.00	1	т	20
Цех888-0_ННН11@3@887@01@101Д3	1049	1049	1049	968	17	0.05	0.00	1	т	20
Цех750-2_ННН11@3@887@01@101Д3	1050	1050	1050	968	2	1.20	0.00	1	т	20
Цех1011-1_ННН11@3@887@01@101Д3	1051	1051	1051	968	4	19.20	0.00	1	т	20
0	1052	1052	1052	969	1	0.00	0.00	1	Ф	20
Цех111-1_ННН11@3@887@01@102	1053	1053	1053	969	3	18.00	0.00	1	т	20
Цех750-1_ННН11@3@887@01@102	1054	1054	1054	969	1	0.50	0.00	1	т	20
Цех111-2_ННН11@3@887@01@102	1055	1055	1055	969	3	8.00	0.00	1	т	20
Цех888-0_ННН11@3@887@01@102	1056	1056	1056	969	17	0.05	0.00	1	т	20
Цех750-2_ННН11@3@887@01@102	1057	1057	1057	969	2	1.20	0.00	1	т	20
Цех1011-1_ННН11@3@887@01@102	1058	1058	1058	969	4	19.20	0.00	1	т	20
0	1059	1059	1059	970	1	0.00	0.00	1	Ф	20
Цех111-1_ННН11@3@887@01@103	1060	1060	1060	970	3	18.00	0.00	1	т	20
Цех750-1_ННН11@3@887@01@103	1061	1061	1061	970	1	0.50	0.00	1	т	20
Цех111-2_ННН11@3@887@01@103	1062	1062	1062	970	3	8.00	0.00	1	т	20
Цех888-0_ННН11@3@887@01@103	1063	1063	1063	970	17	0.05	0.00	1	т	20
Цех750-2_ННН11@3@887@01@103	1064	1064	1064	970	2	1.20	0.00	1	т	20
Цех1011-1_ННН11@3@887@01@103	1065	1065	1065	970	4	19.20	0.00	1	т	20
0	1066	1066	1066	971	1	0.00	0.00	1	Ф	20
Цех193-1_ЕИЖА684222370_ЕИЖА654213@007ТУ	1067	1067	1067	971	17	0.50	0.00	1	т	20
0	1068	1068	1068	973	1	0.00	0.00	1	Ф	20
Цех1011-0_ННН11@3@887@01@040	1069	1069	1069	973	1	0.00	0.00	1	k	20
Цех111-1_ННН11@3@887@01@040	1070	1070	1070	973	3	18.00	0.00	1	т	20
Цех750-1_ННН11@3@887@01@040	1071	1071	1071	973	1	0.50	0.00	1	т	20
Цех111-2_ННН11@3@887@01@040	1072	1072	1072	973	5	24.00	0.00	1	т	20
Цех888-0_ННН11@3@887@01@040	1073	1073	1073	973	47	0.05	0.00	1	т	20
Цех750-2_ННН11@3@887@01@040	1074	1074	1074	973	2	1.20	0.00	1	т	20
Цех1011-1_ННН11@3@887@01@040	1075	1075	1075	973	9	60.02	0.00	1	т	20
0	1076	1076	1076	974	1	0.00	0.00	1	Ф	20
Цех1011-0_ННН11@3@887@01@050	1077	1077	1077	974	1	0.00	0.00	6	k	20
Цех111-1_ННН11@3@887@01@050	1078	1078	1078	974	3	18.00	0.00	6	т	20
Цех750-1_ННН11@3@887@01@050	1079	1079	1079	974	1	0.50	0.00	6	т	20
Цех111-2_ННН11@3@887@01@050	1080	1080	1080	974	5	24.00	0.00	6	т	20
Цех888-0_ННН11@3@887@01@050	1081	1081	1081	974	47	0.05	0.00	6	т	20
Цех750-2_ННН11@3@887@01@050	1082	1082	1082	974	2	1.20	0.00	6	т	20
Цех1011-1_ННН11@3@887@01@050	1083	1083	1083	974	9	60.02	0.00	6	т	20
0	1084	1084	1084	975	1	0.00	0.00	1	Ф	20
Цех1011-0_ННН11@3@887@01@060	1085	1085	1085	975	1	0.00	0.00	4	k	20
Цех111-1_ННН11@3@887@01@060	1086	1086	1086	975	3	18.00	0.00	4	т	20
Цех750-1_ННН11@3@887@01@060	1087	1087	1087	975	1	0.50	0.00	4	т	20
Цех111-2_ННН11@3@887@01@060	1088	1088	1088	975	5	24.00	0.00	4	т	20
Цех888-0_ННН11@3@887@01@060	1089	1089	1089	975	47	0.05	0.00	4	т	20
Цех750-2_ННН11@3@887@01@060	1090	1090	1090	975	2	1.20	0.00	4	т	20
Цех1011-1_ННН11@3@887@01@060	1091	1091	1091	975	9	60.02	0.00	4	т	20
0	1092	1092	1092	976	1	0.00	0.00	1	Ф	20
Цех111-1_ННН11@3@887@00@003-01	1093	1093	1093	976	3	18.00	0.00	20	т	20
Цех750-1_ННН11@3@887@00@003-01	1094	1094	1094	976	1	0.50	0.00	20	т	20
Цех111-2_ННН11@3@887@00@003-01	1095	1095	1095	976	3	8.00	0.00	20	т	20
Цех888-0_ННН11@3@887@00@003-01	1096	1096	1096	976	17	0.05	0.00	20	т	20
Цех750-2_ННН11@3@887@00@003-01	1097	1097	1097	976	2	1.20	0.00	20	т	20
Цех1011-1_ННН11@3@887@00@003-01	1098	1098	1098	976	4	19.20	0.00	20	т	20
0	1099	1099	1099	977	1	0.00	0.00	1	Ф	20
Цех111-1_ННН11@3@887@01@301	1100	1100	1100	977	3	18.00	0.00	4	т	20
Цех750-1_ННН11@3@887@01@301	1101	1101	1101	977	1	0.50	0.00	4	т	20
Цех111-2_ННН11@3@887@01@301	1102	1102	1102	977	3	8.00	0.00	4	т	20
Цех888-0_ННН11@3@887@01@301	1103	1103	1103	977	17	0.05	0.00	4	т	20
Цех750-2_ННН11@3@887@01@301	1104	1104	1104	977	2	1.20	0.00	4	т	20
Цех1011-1_ННН11@3@887@01@301	1105	1105	1105	977	4	19.20	0.00	4	т	20
0	1106	1106	1106	978	1	0.00	0.00	1	Ф	20
Цех111-1_ННН11@3@887@01@302	1107	1107	1107	978	3	18.00	0.00	10	т	20
Цех750-1_ННН11@3@887@01@302	1108	1108	1108	978	1	0.50	0.00	10	т	20
Цех111-2_ННН11@3@887@01@302	1109	1109	1109	978	3	8.00	0.00	10	т	20
Цех888-0_ННН11@3@887@01@302	1110	1110	1110	978	17	0.05	0.00	10	т	20
Цех750-2_ННН11@3@887@01@302	1111	1111	1111	978	2	1.20	0.00	10	т	20
Цех1011-1_ННН11@3@887@01@302	1112	1112	1112	978	4	20.42	0.00	10	т	20
0	1113	1113	1113	979	1	0.00	0.00	1	Ф	20
Цех111-1_ННН11@3@887@01@303	1114	1114	1114	979	3	18.00	0.00	4	т	20
Цех750-1_ННН11@3@887@01@303	1115	1115	1115	979	1	0.50	0.00	4	т	20
Цех111-2_ННН11@3@887@01@303	1116	1116	1116	979	3	8.00	0.00	4	т	20
Цех888-0_ННН11@3@887@01@303	1117	1117	1117	979	17	0.05	0.00	4	т	20
Цех750-2_ННН11@3@887@01@303	1118	1118	1118	979	2	1.20	0.00	4	т	20
Цех1011-1_ННН11@3@887@01@303	1119	1119	1119	979	4	19.20	0.00	4	т	20
0	1120	1120	1120	980	1	0.00	0.00	1	Ф	20
Цех111-1_ННН11@3@887@01@303-01	1121	1121	1121	980	3	18.00	0.00	2	т	20
Цех750-1_ННН11@3@887@01@303-01	1122	1122	1122	980	1	0.50	0.00	2	т	20
Цех111-2_ННН11@3@887@01@303-01	1123	1123	1123	980	3	8.00	0.00	2	т	20
Цех888-0_ННН11@3@887@01@303-01	1124	1124	1124	980	17	0.05	0.00	2	т	20
Цех750-2_ННН11@3@887@01@303-01	1125	1125	1125	980	2	1.20	0.00	2	т	20
Цех1011-1_ННН11@3@887@01@303-01	1126	1126	1126	980	4	19.20	0.00	2	т	20
0	1127	1127	1127	981	1	0.00	0.00	1	Ф	20
Цех111-1_ННН11@3@887@01@304	1128	1128	1128	981	3	18.00	0.00	2	т	20
Цех750-1_ННН11@3@887@01@304	1129	1129	1129	981	1	0.50	0.00	2	т	20
Цех111-2_ННН11@3@887@01@304	1130	1130	1130	981	3	8.00	0.00	2	т	20
Цех888-0_ННН11@3@887@01@304	1131	1131	1131	981	17	0.05	0.00	2	т	20
Цех750-2_ННН11@3@887@01@304	1132	1132	1132	981	2	1.20	0.00	2	т	20
Цех1011-1_ННН11@3@887@01@304	1133	1133	1133	981	4	19.20	0.00	2	т	20
0	1134	1134	1134	982	1	0.00	0.00	1	Ф	20
Цех111-1_ННН11@3@887@01@304-01	1135	1135	1135	982	3	18.00	0.00	1	т	20
Цех750-1_ННН11@3@887@01@304-01	1136	1136	1136	982	1	0.50	0.00	1	т	20
Цех111-2_ННН11@3@887@01@304-01	1137	1137	1137	982	3	8.00	0.00	1	т	20
Цех888-0_ННН11@3@887@01@304-01	1138	1138	1138	982	17	0.05	0.00	1	т	20
Цех750-2_ННН11@3@887@01@304-01	1139	1139	1139	982	2	1.20	0.00	1	т	20
Цех1011-1_ННН11@3@887@01@304-01	1140	1140	1140	982	4	19.20	0.00	1	т	20
0	1141	1141	1141	983	1	0.00	0.00	1	Ф	20
Цех111-1_ННН11@3@887@01@305	1142	1142	1142	983	3	18.00	0.00	2	т	20
Цех750-1_ННН11@3@887@01@305	1143	1143	1143	983	1	0.50	0.00	2	т	20
Цех111-2_ННН11@3@887@01@305	1144	1144	1144	983	3	8.00	0.00	2	т	20
Цех888-0_ННН11@3@887@01@305	1145	1145	1145	983	17	0.05	0.00	2	т	20
Цех750-2_ННН11@3@887@01@305	1146	1146	1146	983	2	1.20	0.00	2	т	20
Цех1011-1_ННН11@3@887@01@305	1147	1147	1147	983	4	19.20	0.00	2	т	20
0	1148	1148	1148	984	1	0.00	0.00	1	Ф	20
Цех111-1_ННН11@3@887@01@306	1149	1149	1149	984	3	18.00	0.00	1	т	20
Цех750-1_ННН11@3@887@01@306	1150	1150	1150	984	1	0.50	0.00	1	т	20
Цех111-2_ННН11@3@887@01@306	1151	1151	1151	984	3	8.00	0.00	1	т	20
Цех888-0_ННН11@3@887@01@306	1152	1152	1152	984	17	0.05	0.00	1	т	20
Цех750-2_ННН11@3@887@01@306	1153	1153	1153	984	2	1.20	0.00	1	т	20
Цех1011-1_ННН11@3@887@01@306	1154	1154	1154	984	4	19.20	0.00	1	т	20
0	1155	1155	1155	985	1	0.00	0.00	1	Ф	20
Цех111-1_ННН11@3@887@01@307	1156	1156	1156	985	3	18.00	0.00	1	т	20
Цех750-1_ННН11@3@887@01@307	1157	1157	1157	985	1	0.50	0.00	1	т	20
Цех111-2_ННН11@3@887@01@307	1158	1158	1158	985	3	8.00	0.00	1	т	20
Цех888-0_ННН11@3@887@01@307	1159	1159	1159	985	17	0.05	0.00	1	т	20
Цех750-2_ННН11@3@887@01@307	1160	1160	1160	985	2	1.20	0.00	1	т	20
Цех1011-1_ННН11@3@887@01@307	1161	1161	1161	985	6	34.02	0.00	1	т	20
0	1162	1162	1162	986	1	0.00	0.00	1	Ф	20
Цех1011-0_ННН11@3@887@01@308	1163	1163	1163	986	1	0.00	0.00	4	k	20
Цех111-1_ННН11@3@887@01@308	1164	1164	1164	986	3	18.00	0.00	4	т	20
Цех750-1_ННН11@3@887@01@308	1165	1165	1165	986	1	0.50	0.00	4	т	20
Цех111-2_ННН11@3@887@01@308	1166	1166	1166	986	3	8.00	0.00	4	т	20
Цех888-0_ННН11@3@887@01@308	1167	1167	1167	986	17	0.05	0.00	4	т	20
Цех750-2_ННН11@3@887@01@308	1168	1168	1168	986	2	1.20	0.00	4	т	20
Цех1011-1_ННН11@3@887@01@308	1169	1169	1169	986	4	20.42	0.00	4	т	20
0	1170	1170	1170	987	1	0.00	0.00	1	Ф	20
Цех193-1_ГОСТ_5915-70_Гайка_М4-6Н@32@Л63@Нсил@9@Х	1171	1171	1171	987	17	0.50	0.00	8	т	20
0	1172	1172	1172	988	1	0.00	0.00	1	Ф	20
Цех193-1_ГОСТ_5915-70_Гайка_М6-6Н@32@Л63@Нсил@9@Х	1173	1173	1173	988	17	0.50	0.00	32	т	20
0	1174	1174	1174	989	1	0.00	0.00	1	Ф	20
Цех193-1_ОСТВ38@0529-86_Кольцо_2-11,5-2,4	1175	1175	1175	989	17	0.50	0.00	30	т	20
0	1176	1176	1176	990	1	0.00	0.00	1	Ф	20
Цех193-1_ОСТВ38@0529-86_Кольцо_2-141,5-3,3	1177	1177	1177	990	17	0.50	0.00	6	т	20
0	1178	1178	1178	991	1	0.00	0.00	1	Ф	20
Цех193-1_ГОСТ_11371-78_ШайбаС@4@32@Л63@Нсил@9@Х	1179	1179	1179	991	17	0.50	0.00	8	т	20
0	1180	1180	1180	992	1	0.00	0.00	1	Ф	20
Цех193-1_ГОСТ_11371-78_ШайбаС@6@32@Л63@Нсил@9@Х	1181	1181	1181	992	17	0.50	0.00	22	т	20
0	1182	1182	1182	994	1	0.00	0.00	1	Ф	20
Цех111-1_ННН11@3@887@04@020	1183	1183	1183	994	3	18.00	0.00	2	т	20
Цех750-1_ННН11@3@887@04@020	1184	1184	1184	994	1	0.50	0.00	2	т	20
Цех111-2_ННН11@3@887@04@020	1185	1185	1185	994	5	24.00	0.00	2	т	20
Цех888-0_ННН11@3@887@04@020	1186	1186	1186	994	47	0.05	0.00	2	т	20
Цех750-2_ННН11@3@887@04@020	1187	1187	1187	994	2	1.20	0.00	2	т	20
Цех1011-1_ННН11@3@887@04@020	1188	1188	1188	994	9	60.02	0.00	2	т	20
0	1189	1189	1189	995	1	0.00	0.00	1	Ф	20
Цех111-1_ННН11@3@887@04@020-01	1190	1190	1190	995	3	18.00	0.00	2	т	20
Цех750-1_ННН11@3@887@04@020-01	1191	1191	1191	995	1	0.50	0.00	2	т	20
Цех111-2_ННН11@3@887@04@020-01	1192	1192	1192	995	5	24.00	0.00	2	т	20
Цех888-0_ННН11@3@887@04@020-01	1193	1193	1193	995	47	0.05	0.00	2	т	20
Цех750-2_ННН11@3@887@04@020-01	1194	1194	1194	995	2	1.20	0.00	2	т	20
Цех1011-1_ННН11@3@887@04@020-01	1195	1195	1195	995	9	60.02	0.00	2	т	20
0	1196	1196	1196	996	1	0.00	0.00	1	Ф	20
Цех111-1_ННН11@3@887@04@020-02	1197	1197	1197	996	3	18.00	0.00	2	т	20
Цех750-1_ННН11@3@887@04@020-02	1198	1198	1198	996	1	0.50	0.00	2	т	20
Цех111-2_ННН11@3@887@04@020-02	1199	1199	1199	996	5	24.00	0.00	2	т	20
Цех888-0_ННН11@3@887@04@020-02	1200	1200	1200	996	47	0.05	0.00	2	т	20
Цех750-2_ННН11@3@887@04@020-02	1201	1201	1201	996	2	1.20	0.00	2	т	20
Цех1011-1_ННН11@3@887@04@020-02	1202	1202	1202	996	9	60.02	0.00	2	т	20
0	1203	1203	1203	997	1	0.00	0.00	1	Ф	20
Цех111-1_ННН11@3@887@04@101	1204	1204	1204	997	3	18.00	0.00	2	т	20
Цех750-1_ННН11@3@887@04@101	1205	1205	1205	997	1	0.50	0.00	2	т	20
Цех111-2_ННН11@3@887@04@101	1206	1206	1206	997	3	8.00	0.00	2	т	20
Цех888-0_ННН11@3@887@04@101	1207	1207	1207	997	17	0.05	0.00	2	т	20
Цех750-2_ННН11@3@887@04@101	1208	1208	1208	997	2	1.20	0.00	2	т	20
Цех1011-1_ННН11@3@887@04@101	1209	1209	1209	997	4	19.20	0.00	2	т	20
0	1210	1210	1210	998	1	0.00	0.00	1	Ф	20
Цех111-1_ННН11@3@887@04@102	1211	1211	1211	998	3	18.00	0.00	2	т	20
Цех750-1_ННН11@3@887@04@102	1212	1212	1212	998	1	0.50	0.00	2	т	20
Цех111-2_ННН11@3@887@04@102	1213	1213	1213	998	3	8.00	0.00	2	т	20
Цех888-0_ННН11@3@887@04@102	1214	1214	1214	998	17	0.05	0.00	2	т	20
Цех750-2_ННН11@3@887@04@102	1215	1215	1215	998	2	1.20	0.00	2	т	20
Цех1011-1_ННН11@3@887@04@102	1216	1216	1216	998	4	19.20	0.00	2	т	20
0	1217	1217	1217	999	1	0.00	0.00	1	Ф	20
Цех111-1_ННН11@3@887@04@103	1218	1218	1218	999	3	18.00	0.00	1	т	20
Цех750-1_ННН11@3@887@04@103	1219	1219	1219	999	1	0.50	0.00	1	т	20
Цех111-2_ННН11@3@887@04@103	1220	1220	1220	999	3	8.00	0.00	1	т	20
Цех888-0_ННН11@3@887@04@103	1221	1221	1221	999	17	0.05	0.00	1	т	20
Цех750-2_ННН11@3@887@04@103	1222	1222	1222	999	2	1.20	0.00	1	т	20
Цех1011-1_ННН11@3@887@04@103	1223	1223	1223	999	4	19.20	0.00	1	т	20
0	1224	1224	1224	1000	1	0.00	0.00	1	Ф	20
Цех193-1_ГОСТ_5915-70_Гайка_М8-6Н@5	1225	1225	1225	1000	17	0.50	0.00	1	т	20
0	1226	1226	1226	1001	1	0.00	0.00	1	Ф	20
Цех111-1_ННН11@3@887@04@201	1227	1227	1227	1001	3	18.00	0.00	1	т	20
Цех750-1_ННН11@3@887@04@201	1228	1228	1228	1001	1	0.50	0.00	1	т	20
Цех111-2_ННН11@3@887@04@201	1229	1229	1229	1001	3	8.00	0.00	1	т	20
Цех888-0_ННН11@3@887@04@201	1230	1230	1230	1001	17	0.05	0.00	1	т	20
Цех750-2_ННН11@3@887@04@201	1231	1231	1231	1001	2	1.20	0.00	1	т	20
Цех1011-1_ННН11@3@887@04@201	1232	1232	1232	1001	4	19.20	0.00	1	т	20
0	1233	1233	1233	1002	1	0.00	0.00	1	Ф	20
Цех111-1_ННН11@3@887@04@201-01	1234	1234	1234	1002	3	18.00	0.00	1	т	20
Цех750-1_ННН11@3@887@04@201-01	1235	1235	1235	1002	1	0.50	0.00	1	т	20
Цех111-2_ННН11@3@887@04@201-01	1236	1236	1236	1002	3	8.00	0.00	1	т	20
Цех888-0_ННН11@3@887@04@201-01	1237	1237	1237	1002	17	0.05	0.00	1	т	20
Цех750-2_ННН11@3@887@04@201-01	1238	1238	1238	1002	2	1.20	0.00	1	т	20
Цех1011-1_ННН11@3@887@04@201-01	1239	1239	1239	1002	4	19.20	0.00	1	т	20
0	1240	1240	1240	1003	1	0.00	0.00	1	Ф	20
Цех111-1_ННН11@3@887@04@201-02	1241	1241	1241	1003	3	18.00	0.00	1	т	20
Цех750-1_ННН11@3@887@04@201-02	1242	1242	1242	1003	1	0.50	0.00	1	т	20
Цех111-2_ННН11@3@887@04@201-02	1243	1243	1243	1003	3	8.00	0.00	1	т	20
Цех888-0_ННН11@3@887@04@201-02	1244	1244	1244	1003	17	0.05	0.00	1	т	20
Цех750-2_ННН11@3@887@04@201-02	1245	1245	1245	1003	2	1.20	0.00	1	т	20
Цех1011-1_ННН11@3@887@04@201-02	1246	1246	1246	1003	4	19.20	0.00	1	т	20
0	1247	1247	1247	1005	1	0.00	0.00	1	Ф	20
Цех111-1_ННН11@3@887@04@040	1248	1248	1248	1005	3	18.00	0.00	1	т	20
Цех750-1_ННН11@3@887@04@040	1249	1249	1249	1005	1	0.50	0.00	1	т	20
Цех111-2_ННН11@3@887@04@040	1250	1250	1250	1005	5	24.00	0.00	1	т	20
Цех888-0_ННН11@3@887@04@040	1251	1251	1251	1005	47	0.05	0.00	1	т	20
Цех750-2_ННН11@3@887@04@040	1252	1252	1252	1005	2	1.20	0.00	1	т	20
Цех1011-1_ННН11@3@887@04@040	1253	1253	1253	1005	9	60.02	0.00	1	т	20
0	1254	1254	1254	1006	1	0.00	0.00	1	Ф	20
Цех111-1_ННН11@3@887@04@101	1255	1255	1255	1006	3	18.00	0.00	2	т	20
Цех750-1_ННН11@3@887@04@101	1256	1256	1256	1006	1	0.50	0.00	2	т	20
Цех111-2_ННН11@3@887@04@101	1257	1257	1257	1006	3	8.00	0.00	2	т	20
Цех888-0_ННН11@3@887@04@101	1258	1258	1258	1006	17	0.05	0.00	2	т	20
Цех750-2_ННН11@3@887@04@101	1259	1259	1259	1006	2	1.20	0.00	2	т	20
Цех1011-1_ННН11@3@887@04@101	1260	1260	1260	1006	4	19.20	0.00	2	т	20
0	1261	1261	1261	1007	1	0.00	0.00	1	Ф	20
Цех111-1_ННН11@3@887@04@102	1262	1262	1262	1007	3	18.00	0.00	2	т	20
Цех750-1_ННН11@3@887@04@102	1263	1263	1263	1007	1	0.50	0.00	2	т	20
Цех111-2_ННН11@3@887@04@102	1264	1264	1264	1007	3	8.00	0.00	2	т	20
Цех888-0_ННН11@3@887@04@102	1265	1265	1265	1007	17	0.05	0.00	2	т	20
Цех750-2_ННН11@3@887@04@102	1266	1266	1266	1007	2	1.20	0.00	2	т	20
Цех1011-1_ННН11@3@887@04@102	1267	1267	1267	1007	4	19.20	0.00	2	т	20
0	1268	1268	1268	1008	1	0.00	0.00	1	Ф	20
Цех111-1_ННН11@3@887@04@301	1269	1269	1269	1008	3	18.00	0.00	1	т	20
Цех750-1_ННН11@3@887@04@301	1270	1270	1270	1008	1	0.50	0.00	1	т	20
Цех111-2_ННН11@3@887@04@301	1271	1271	1271	1008	3	8.00	0.00	1	т	20
Цех888-0_ННН11@3@887@04@301	1272	1272	1272	1008	17	0.05	0.00	1	т	20
Цех750-2_ННН11@3@887@04@301	1273	1273	1273	1008	2	1.20	0.00	1	т	20
Цех1011-1_ННН11@3@887@04@301	1274	1274	1274	1008	4	19.20	0.00	1	т	20
0	1275	1275	1275	1009	1	0.00	0.00	1	Ф	20
Цех111-1_ННН11@3@887@04@302	1276	1276	1276	1009	3	18.00	0.00	1	т	20
Цех750-1_ННН11@3@887@04@302	1277	1277	1277	1009	1	0.50	0.00	1	т	20
Цех111-2_ННН11@3@887@04@302	1278	1278	1278	1009	3	8.00	0.00	1	т	20
Цех888-0_ННН11@3@887@04@302	1279	1279	1279	1009	17	0.05	0.00	1	т	20
Цех750-2_ННН11@3@887@04@302	1280	1280	1280	1009	2	1.20	0.00	1	т	20
Цех1011-1_ННН11@3@887@04@302	1281	1281	1281	1009	4	19.20	0.00	1	т	20
0	1282	1282	1282	1010	1	0.00	0.00	1	Ф	20
Цех193-1_ГОСТ_7798-70_Болт_М16-6gх85@56@029	1283	1283	1283	1010	17	0.50	0.00	2	т	20
0	1284	1284	1284	1011	1	0.00	0.00	1	Ф	20
Цех193-1_ГОСТ_5915-70_Гайка_М16-6Н@5@029	1285	1285	1285	1011	17	0.50	0.00	2	т	20
0	1286	1286	1286	1012	1	0.00	0.00	1	Ф	20
Цех1011-0_ННН11@3@887@04@401	1287	1287	1287	1012	1	0.00	0.00	1	k	20
Цех111-1_ННН11@3@887@04@401	1288	1288	1288	1012	3	18.00	0.00	1	т	20
Цех750-1_ННН11@3@887@04@401	1289	1289	1289	1012	1	0.50	0.00	1	т	20
Цех111-2_ННН11@3@887@04@401	1290	1290	1290	1012	3	8.00	0.00	1	т	20
Цех888-0_ННН11@3@887@04@401	1291	1291	1291	1012	17	0.05	0.00	1	т	20
Цех750-2_ННН11@3@887@04@401	1292	1292	1292	1012	2	1.20	0.00	1	т	20
Цех1011-1_ННН11@3@887@04@401	1293	1293	1293	1012	4	19.20	0.00	1	т	20
0	1294	1294	1294	1013	1	0.00	0.00	1	Ф	20
Цех111-1_ННН11@3@887@04@402	1295	1295	1295	1013	3	18.00	0.00	2	т	20
Цех750-1_ННН11@3@887@04@402	1296	1296	1296	1013	1	0.50	0.00	2	т	20
Цех111-2_ННН11@3@887@04@402	1297	1297	1297	1013	3	8.00	0.00	2	т	20
Цех888-0_ННН11@3@887@04@402	1298	1298	1298	1013	17	0.05	0.00	2	т	20
Цех750-2_ННН11@3@887@04@402	1299	1299	1299	1013	2	1.20	0.00	2	т	20
Цех1011-1_ННН11@3@887@04@402	1300	1300	1300	1013	4	19.20	0.00	2	т	20
0	1301	1301	1301	1014	1	0.00	0.00	1	Ф	20
Цех111-1_ННН11@3@887@04@403	1302	1302	1302	1014	3	18.00	0.00	1	т	20
Цех750-1_ННН11@3@887@04@403	1303	1303	1303	1014	1	0.50	0.00	1	т	20
Цех111-2_ННН11@3@887@04@403	1304	1304	1304	1014	3	8.00	0.00	1	т	20
Цех888-0_ННН11@3@887@04@403	1305	1305	1305	1014	17	0.05	0.00	1	т	20
Цех750-2_ННН11@3@887@04@403	1306	1306	1306	1014	2	1.20	0.00	1	т	20
Цех1011-1_ННН11@3@887@04@403	1307	1307	1307	1014	4	19.20	0.00	1	т	20
0	1308	1308	1308	1015	1	0.00	0.00	1	Ф	20
Цех111-1_ННН11@3@887@04@404	1309	1309	1309	1015	3	18.00	0.00	2	т	20
Цех750-1_ННН11@3@887@04@404	1310	1310	1310	1015	1	0.50	0.00	2	т	20
Цех111-2_ННН11@3@887@04@404	1311	1311	1311	1015	3	8.00	0.00	2	т	20
Цех888-0_ННН11@3@887@04@404	1312	1312	1312	1015	17	0.05	0.00	2	т	20
Цех750-2_ННН11@3@887@04@404	1313	1313	1313	1015	2	1.20	0.00	2	т	20
Цех1011-1_ННН11@3@887@04@404	1314	1314	1314	1015	4	19.20	0.00	2	т	20
0	1315	1315	1315	1031	1	0.00	0.00	1	Ф	20
Труба	1316	1316	1316	1031	1	0.00	0.00	1	Д	20
Фланец          O204/O69 х77 ч.р.	1317	1317	1317	1031	1	0.00	0.00	1	Д	20
0	1318	1318	1318	1069	1	0.00	0.00	1	Ф	20
Труба с втулками	1319	1319	1319	1069	1	0.00	0.00	1	С	20
Фланец	1320	1320	1320	1069	1	0.00	0.00	1	Д	20
Плита	1321	1321	1321	1069	1	0.00	0.00	1	Д	20
Труба	1322	1322	1322	1069	1	0.00	0.00	1	Д	20
Втулка	1323	1323	1323	1069	1	0.00	0.00	1	Д	20
Втулка	1324	1324	1324	1069	1	0.00	0.00	1	Д	20
0	1325	1325	1325	1077	1	0.00	0.00	1	Ф	20
Шпилька             Нсил9.Х	1326	1326	1326	1077	1	0.00	0.00	1	Д	20
Изолятор	1327	1327	1327	1077	1	0.00	0.00	1	Д	20
0	1328	1328	1328	1085	1	0.00	0.00	1	Ф	20
Шпилька             Нсил9.Х	1329	1329	1329	1085	1	0.00	0.00	1	Д	20
Изолятор	1330	1330	1330	1085	1	0.00	0.00	1	Д	20
0	1331	1331	1331	1163	1	0.00	0.00	1	Ф	20
КругЛ63М	1332	1332	1332	1163	1	0.00	0.00	1	m	20
0	1333	1333	1333	1287	1	0.00	0.00	1	Ф	20
КругСТ45	1334	1334	1334	1287	1	0.00	0.00	1	m	20
0	1335	1335	1335	1316	1	0.00	0.00	1	Ф	20
Цех111-1_ННН11@3@887@01@201	1336	1336	1336	1316	3	18.00	0.00	1	т	20
Цех750-1_ННН11@3@887@01@201	1337	1337	1337	1316	1	0.50	0.00	1	т	20
Цех111-2_ННН11@3@887@01@201	1338	1338	1338	1316	3	8.00	0.00	1	т	20
Цех888-0_ННН11@3@887@01@201	1339	1339	1339	1316	17	0.05	0.00	1	т	20
Цех750-2_ННН11@3@887@01@201	1340	1340	1340	1316	2	1.20	0.00	1	т	20
Цех1011-1_ННН11@3@887@01@201	1341	1341	1341	1316	4	19.20	0.00	1	т	20
0	1342	1342	1342	1317	1	0.00	0.00	1	Ф	20
Цех111-1_ННН11@3@887@01@202	1343	1343	1343	1317	3	18.00	0.00	1	т	20
Цех750-1_ННН11@3@887@01@202	1344	1344	1344	1317	1	0.50	0.00	1	т	20
Цех111-2_ННН11@3@887@01@202	1345	1345	1345	1317	3	8.00	0.00	1	т	20
Цех888-0_ННН11@3@887@01@202	1346	1346	1346	1317	17	0.05	0.00	1	т	20
Цех750-2_ННН11@3@887@01@202	1347	1347	1347	1317	2	1.20	0.00	1	т	20
Цех1011-1_ННН11@3@887@01@202	1348	1348	1348	1317	4	19.20	0.00	1	т	20
0	1349	1349	1349	1319	1	0.00	0.00	1	Ф	20
Цех111-1_ННН11@3@887@01@070	1350	1350	1350	1319	3	18.00	0.00	1	т	20
Цех750-1_ННН11@3@887@01@070	1351	1351	1351	1319	1	0.50	0.00	1	т	20
Цех111-2_ННН11@3@887@01@070	1352	1352	1352	1319	5	24.00	0.00	1	т	20
Цех888-0_ННН11@3@887@01@070	1353	1353	1353	1319	47	0.05	0.00	1	т	20
Цех750-2_ННН11@3@887@01@070	1354	1354	1354	1319	2	1.20	0.00	1	т	20
Цех1011-1_ННН11@3@887@01@070	1355	1355	1355	1319	9	60.02	0.00	1	т	20
0	1356	1356	1356	1320	1	0.00	0.00	1	Ф	20
Цех111-1_ННН11@3@887@01@401	1357	1357	1357	1320	3	18.00	0.00	1	т	20
Цех750-1_ННН11@3@887@01@401	1358	1358	1358	1320	1	0.50	0.00	1	т	20
Цех111-2_ННН11@3@887@01@401	1359	1359	1359	1320	3	8.00	0.00	1	т	20
Цех888-0_ННН11@3@887@01@401	1360	1360	1360	1320	17	0.05	0.00	1	т	20
Цех750-2_ННН11@3@887@01@401	1361	1361	1361	1320	2	1.20	0.00	1	т	20
Цех1011-1_ННН11@3@887@01@401	1362	1362	1362	1320	4	19.20	0.00	1	т	20
0	1363	1363	1363	1321	1	0.00	0.00	1	Ф	20
Цех111-1_ННН11@3@887@01@402	1364	1364	1364	1321	3	18.00	0.00	1	т	20
Цех750-1_ННН11@3@887@01@402	1365	1365	1365	1321	1	0.50	0.00	1	т	20
Цех111-2_ННН11@3@887@01@402	1366	1366	1366	1321	3	8.00	0.00	1	т	20
Цех888-0_ННН11@3@887@01@402	1367	1367	1367	1321	17	0.05	0.00	1	т	20
Цех750-2_ННН11@3@887@01@402	1368	1368	1368	1321	2	1.20	0.00	1	т	20
Цех1011-1_ННН11@3@887@01@402	1369	1369	1369	1321	4	19.20	0.00	1	т	20
0	1370	1370	1370	1322	1	0.00	0.00	1	Ф	20
Цех111-1_ННН11@3@887@01@701	1371	1371	1371	1322	3	18.00	0.00	1	т	20
Цех750-1_ННН11@3@887@01@701	1372	1372	1372	1322	1	0.50	0.00	1	т	20
Цех111-2_ННН11@3@887@01@701	1373	1373	1373	1322	3	8.00	0.00	1	т	20
Цех888-0_ННН11@3@887@01@701	1374	1374	1374	1322	17	0.05	0.00	1	т	20
Цех750-2_ННН11@3@887@01@701	1375	1375	1375	1322	2	1.20	0.00	1	т	20
Цех1011-1_ННН11@3@887@01@701	1376	1376	1376	1322	4	19.20	0.00	1	т	20
0	1377	1377	1377	1323	1	0.00	0.00	1	Ф	20
Цех111-1_ННН11@3@887@01@702	1378	1378	1378	1323	3	18.00	0.00	2	т	20
Цех750-1_ННН11@3@887@01@702	1379	1379	1379	1323	1	0.50	0.00	2	т	20
Цех111-2_ННН11@3@887@01@702	1380	1380	1380	1323	3	8.00	0.00	2	т	20
Цех888-0_ННН11@3@887@01@702	1381	1381	1381	1323	17	0.05	0.00	2	т	20
Цех750-2_ННН11@3@887@01@702	1382	1382	1382	1323	2	1.20	0.00	2	т	20
Цех1011-1_ННН11@3@887@01@702	1383	1383	1383	1323	4	20.42	0.00	2	т	20
0	1384	1384	1384	1324	1	0.00	0.00	1	Ф	20
Цех111-1_ННН11@3@887@01@703	1385	1385	1385	1324	3	18.00	0.00	1	т	20
Цех750-1_ННН11@3@887@01@703	1386	1386	1386	1324	1	0.50	0.00	1	т	20
Цех111-2_ННН11@3@887@01@703	1387	1387	1387	1324	3	8.00	0.00	1	т	20
Цех888-0_ННН11@3@887@01@703	1388	1388	1388	1324	17	0.05	0.00	1	т	20
Цех750-2_ННН11@3@887@01@703	1389	1389	1389	1324	2	1.20	0.00	1	т	20
Цех1011-1_ННН11@3@887@01@703	1390	1390	1390	1324	4	20.42	0.00	1	т	20
0	1391	1391	1391	1326	1	0.00	0.00	1	Ф	20
Цех111-1_ННН11@3@887@01@501	1392	1392	1392	1326	3	18.00	0.00	6	т	20
Цех750-1_ННН11@3@887@01@501	1393	1393	1393	1326	1	0.50	0.00	6	т	20
Цех111-2_ННН11@3@887@01@501	1394	1394	1394	1326	3	8.00	0.00	6	т	20
Цех888-0_ННН11@3@887@01@501	1395	1395	1395	1326	17	0.05	0.00	6	т	20
Цех750-2_ННН11@3@887@01@501	1396	1396	1396	1326	2	1.20	0.00	6	т	20
Цех1011-1_ННН11@3@887@01@501	1397	1397	1397	1326	4	19.20	0.00	6	т	20
0	1398	1398	1398	1327	1	0.00	0.00	1	Ф	20
Цех111-1_ННН11@3@887@01@502	1399	1399	1399	1327	3	18.00	0.00	10	т	20
Цех750-1_ННН11@3@887@01@502	1400	1400	1400	1327	1	0.50	0.00	10	т	20
Цех111-2_ННН11@3@887@01@502	1401	1401	1401	1327	3	8.00	0.00	10	т	20
Цех888-0_ННН11@3@887@01@502	1402	1402	1402	1327	17	0.05	0.00	10	т	20
Цех750-2_ННН11@3@887@01@502	1403	1403	1403	1327	2	1.20	0.00	10	т	20
Цех1011-1_ННН11@3@887@01@502	1404	1404	1404	1327	4	19.20	0.00	10	т	20
0	1405	1405	1405	1329	1	0.00	0.00	1	Ф	20
Цех1011-0_ННН11@3@887@01@601	1406	1406	1406	1329	1	0.00	0.00	4	k	20
Цех111-1_ННН11@3@887@01@601	1407	1407	1407	1329	3	18.00	0.00	4	т	20
Цех750-1_ННН11@3@887@01@601	1408	1408	1408	1329	1	0.50	0.00	4	т	20
Цех111-2_ННН11@3@887@01@601	1409	1409	1409	1329	3	8.00	0.00	4	т	20
Цех888-0_ННН11@3@887@01@601	1410	1410	1410	1329	17	0.05	0.00	4	т	20
Цех750-2_ННН11@3@887@01@601	1411	1411	1411	1329	2	1.20	0.00	4	т	20
Цех1011-1_ННН11@3@887@01@601	1412	1412	1412	1329	4	19.20	0.00	4	т	20
0	1413	1413	1413	1330	1	0.00	0.00	1	Ф	20
Цех111-1_ННН11@3@887@01@502	1414	1414	1414	1330	3	18.00	0.00	10	т	20
Цех750-1_ННН11@3@887@01@502	1415	1415	1415	1330	1	0.50	0.00	10	т	20
Цех111-2_ННН11@3@887@01@502	1416	1416	1416	1330	3	8.00	0.00	10	т	20
Цех888-0_ННН11@3@887@01@502	1417	1417	1417	1330	17	0.05	0.00	10	т	20
Цех750-2_ННН11@3@887@01@502	1418	1418	1418	1330	2	1.20	0.00	10	т	20
Цех1011-1_ННН11@3@887@01@502	1419	1419	1419	1330	4	19.20	0.00	10	т	20
0	1420	1420	1420	1332	1	0.00	0.00	1	Ф	20
Цех193-1_Л63@Круг32-Л63М_ГОСТ777-08	1421	1421	1421	1332	17	0.50	0.00	12	т	20
0	1422	1422	1422	1334	1	0.00	0.00	1	Ф	20
Цех193-1_СТ45@Круг40-СТ45_ГОСТ	1423	1423	1423	1334	17	0.50	0.00	1	т	20
0	1424	1424	1424	1406	1	0.00	0.00	1	Ф	20
КругЛ63М	1425	1425	1425	1406	1	0.00	0.00	1	m	20
0	1426	1426	1426	1425	1	0.00	0.00	1	Ф	20
Цех193-1_Л63@Круг32-Л63М_ГОСТ777-08	1427	1427	1427	1425	17	0.50	0.00	12	т	20
